CGATS.17

ORIGINATOR	"i1Profiler - X-Rite, Inc."
INSTRUMENTATION	"i1Pro ; Serial number 850763"
DESCRIPTOR	"차트 105 패치a"
MEASUREMENT_SOURCE	"MeasurementCondition=M2	Filter=UVcut"
ILLUMINATION_NAME	"D50"
OBSERVER_ANGLE	"2"
WEIGHTING_FUNCTION	"ILLUMINANT,	D50"
WEIGHTING_FUNCTION	"OBSERVER,	2 degree"
DENSITY_FILTER_STANDARD	"Status T"
DENSITY_WHITE_REFERENCE	"Relative white"
KEYWORD	"DEVCALSTD"
DEVCALSTD	"XRGA"
CREATED		"2025-10-20T02:46:06"

NUMBER_OF_FIELDS	51
BEGIN_DATA_FORMAT
SAMPLE_ID	SAMPLE_NAME	RGB_R	RGB_G	RGB_B	XYZ_X	XYZ_Y	XYZ_Z	LAB_L	LAB_A	LAB_B	SPECTRAL_NM380	SPECTRAL_NM390	SPECTRAL_NM400	SPECTRAL_NM410	SPECTRAL_NM420	SPECTRAL_NM430	SPECTRAL_NM440	SPECTRAL_NM450	SPECTRAL_NM460	SPECTRAL_NM470	SPECTRAL_NM480	SPECTRAL_NM490	SPECTRAL_NM500	SPECTRAL_NM510	SPECTRAL_NM520	SPECTRAL_NM530	SPECTRAL_NM540	SPECTRAL_NM550	SPECTRAL_NM560	SPECTRAL_NM570	SPECTRAL_NM580	SPECTRAL_NM590	SPECTRAL_NM600	SPECTRAL_NM610	SPECTRAL_NM620	SPECTRAL_NM630	SPECTRAL_NM640	SPECTRAL_NM650	SPECTRAL_NM660	SPECTRAL_NM670	SPECTRAL_NM680	SPECTRAL_NM690	SPECTRAL_NM700	SPECTRAL_NM710	SPECTRAL_NM720	SPECTRAL_NM730	D_VIS	D_RED	D_GREEN	D_BLUE	
END_DATA_FORMAT

NUMBER_OF_SETS	105
BEGIN_DATA
1	-	  255.00	  255.00	  255.00	 0.82587	 0.86116	 0.73437	   94.36	   -0.86	   -2.09	    0.6795	    0.6836	    0.6763	    0.7017	    0.8047	    0.8735	    0.8944	    0.9004	    0.9068	    0.9068	    0.9028	    0.8971	    0.8901	    0.8830	    0.8781	    0.8727	    0.8677	    0.8621	    0.8538	    0.8508	    0.8449	    0.8421	    0.8418	    0.8436	    0.8471	    0.8521	    0.8602	    0.8691	    0.8786	    0.8868	    0.8942	    0.9001	    0.9057	    0.9102	    0.9133	    0.9175	    0.00	    0.00	    0.00	    0.00	
2	-	  255.00	  255.00	  255.00	 0.82507	 0.86033	 0.73343	   94.33	   -0.86	   -2.07	    0.6335	    0.6596	    0.6552	    0.7001	    0.8028	    0.8727	    0.8936	    0.8992	    0.9057	    0.9058	    0.9018	    0.8961	    0.8892	    0.8821	    0.8770	    0.8716	    0.8669	    0.8614	    0.8531	    0.8501	    0.8441	    0.8414	    0.8410	    0.8429	    0.8463	    0.8513	    0.8595	    0.8682	    0.8778	    0.8860	    0.8933	    0.8992	    0.9049	    0.9094	    0.9126	    0.9167	    0.00	    0.00	    0.00	    0.00	
3	-	  255.00	  255.00	  255.00	 0.82545	 0.86066	 0.73422	   94.34	   -0.85	   -2.12	    0.7196	    0.6491	    0.6601	    0.7008	    0.8070	    0.8738	    0.8945	    0.9002	    0.9066	    0.9064	    0.9022	    0.8966	    0.8895	    0.8824	    0.8774	    0.8721	    0.8672	    0.8616	    0.8534	    0.8504	    0.8444	    0.8417	    0.8413	    0.8431	    0.8466	    0.8515	    0.8597	    0.8685	    0.8782	    0.8863	    0.8936	    0.8994	    0.9052	    0.9097	    0.9130	    0.9170	    0.00	    0.00	    0.00	    0.00	
4	-	    0.00	    0.00	    0.00	 0.00207	 0.00215	 0.00158	    1.94	   -0.02	    0.36	   -0.0331	   -0.0101	   -0.0112	    0.0028	    0.0020	    0.0021	    0.0020	    0.0019	    0.0020	    0.0020	    0.0019	    0.0020	    0.0020	    0.0020	    0.0020	    0.0022	    0.0022	    0.0023	    0.0023	    0.0022	    0.0021	    0.0021	    0.0021	    0.0021	    0.0021	    0.0022	    0.0023	    0.0025	    0.0027	    0.0028	    0.0029	    0.0029	    0.0030	    0.0032	    0.0037	    0.0047	    2.60	    2.60	    2.61	    2.68	
5	-	    0.00	    0.00	    0.00	 0.00212	 0.00219	 0.00162	    1.97	    0.07	    0.34	   -0.0541	    0.0055	    0.0065	    0.0033	    0.0017	    0.0018	    0.0020	    0.0021	    0.0021	    0.0017	    0.0019	    0.0019	    0.0020	    0.0021	    0.0021	    0.0021	    0.0023	    0.0022	    0.0022	    0.0022	    0.0022	    0.0022	    0.0022	    0.0021	    0.0022	    0.0022	    0.0024	    0.0026	    0.0028	    0.0029	    0.0029	    0.0028	    0.0029	    0.0033	    0.0039	    0.0048	    2.59	    2.59	    2.61	    2.65	
6	-	    0.00	    0.00	    0.00	 0.00201	 0.00212	 0.00131	    1.92	   -0.13	    0.84	   -0.0539	   -0.0237	   -0.0124	   -0.0039	    0.0012	    0.0016	    0.0017	    0.0018	    0.0017	    0.0018	    0.0019	    0.0018	    0.0019	    0.0020	    0.0020	    0.0022	    0.0022	    0.0022	    0.0022	    0.0022	    0.0021	    0.0021	    0.0021	    0.0021	    0.0022	    0.0022	    0.0024	    0.0026	    0.0027	    0.0028	    0.0028	    0.0028	    0.0027	    0.0031	    0.0036	    0.0044	    2.60	    2.60	    2.62	    2.80	
7	-	  244.80	  255.00	  255.00	 0.78501	 0.82955	 0.73108	   92.99	   -2.93	   -4.16	    0.6802	    0.6201	    0.6582	    0.6949	    0.7992	    0.8677	    0.8904	    0.8970	    0.9038	    0.9040	    0.8997	    0.8936	    0.8862	    0.8781	    0.8711	    0.8624	    0.8523	    0.8387	    0.8205	    0.8083	    0.7965	    0.7902	    0.7864	    0.7854	    0.7878	    0.7924	    0.8012	    0.8132	    0.8265	    0.8362	    0.8422	    0.8450	    0.8462	    0.8475	    0.8530	    0.8650	    0.02	    0.03	    0.01	    0.00	
8	-	  234.60	  255.00	  255.00	 0.74654	 0.79968	 0.72934	   91.67	   -4.97	   -6.29	    0.7252	    0.6284	    0.6540	    0.6912	    0.7954	    0.8637	    0.8878	    0.8957	    0.9029	    0.9028	    0.8982	    0.8918	    0.8836	    0.8744	    0.8651	    0.8529	    0.8373	    0.8161	    0.7884	    0.7676	    0.7506	    0.7410	    0.7340	    0.7306	    0.7319	    0.7361	    0.7457	    0.7604	    0.7771	    0.7882	    0.7929	    0.7930	    0.7901	    0.7883	    0.7958	    0.8146	    0.04	    0.06	    0.01	    0.00	
9	-	  224.40	  255.00	  255.00	 0.71496	 0.77495	 0.72814	   90.55	   -6.71	   -8.12	    0.6599	    0.6244	    0.6384	    0.6858	    0.7900	    0.8613	    0.8869	    0.8952	    0.9021	    0.9023	    0.8976	    0.8906	    0.8817	    0.8711	    0.8599	    0.8448	    0.8246	    0.7970	    0.7613	    0.7338	    0.7126	    0.7005	    0.6910	    0.6856	    0.6863	    0.6905	    0.7007	    0.7175	    0.7365	    0.7486	    0.7521	    0.7502	    0.7441	    0.7396	    0.7483	    0.7732	    0.05	    0.09	    0.02	    0.00	
10	-	  214.20	  255.00	  255.00	 0.67029	 0.73920	 0.72457	   88.88	   -9.16	  -10.68	    0.5614	    0.6446	    0.6335	    0.6785	    0.7825	    0.8548	    0.8822	    0.8920	    0.8991	    0.8992	    0.8943	    0.8868	    0.8770	    0.8648	    0.8507	    0.8310	    0.8045	    0.7680	    0.7222	    0.6856	    0.6591	    0.6437	    0.6313	    0.6236	    0.6233	    0.6272	    0.6381	    0.6575	    0.6796	    0.6929	    0.6953	    0.6906	    0.6805	    0.6733	    0.6834	    0.7144	    0.08	    0.13	    0.03	    0.01	
11	-	  204.00	  255.00	  255.00	 0.63211	 0.70836	 0.72124	   87.41	  -11.36	  -12.94	    0.5712	    0.5807	    0.6264	    0.6714	    0.7759	    0.8484	    0.8780	    0.8890	    0.8964	    0.8963	    0.8911	    0.8832	    0.8724	    0.8589	    0.8424	    0.8188	    0.7865	    0.7424	    0.6879	    0.6440	    0.6132	    0.5954	    0.5805	    0.5709	    0.5701	    0.5738	    0.5851	    0.6063	    0.6307	    0.6450	    0.6465	    0.6396	    0.6263	    0.6166	    0.6277	    0.6637	    0.10	    0.17	    0.04	    0.01	
12	-	  193.80	  255.00	  255.00	 0.60146	 0.68323	 0.71834	   86.17	  -13.16	  -14.81	    0.5989	    0.6014	    0.6203	    0.6685	    0.7704	    0.8435	    0.8742	    0.8862	    0.8936	    0.8936	    0.8883	    0.8800	    0.8684	    0.8535	    0.8348	    0.8081	    0.7711	    0.7209	    0.6597	    0.6104	    0.5764	    0.5566	    0.5401	    0.5292	    0.5277	    0.5314	    0.5429	    0.5655	    0.5915	    0.6066	    0.6072	    0.5988	    0.5833	    0.5718	    0.5836	    0.6229	    0.12	    0.20	    0.05	    0.01	
13	-	  183.60	  255.00	  255.00	 0.57444	 0.66087	 0.71520	   85.04	  -14.80	  -16.48	    0.5286	    0.5790	    0.6206	    0.6651	    0.7647	    0.8377	    0.8699	    0.8830	    0.8909	    0.8907	    0.8853	    0.8765	    0.8645	    0.8487	    0.8280	    0.7980	    0.7568	    0.7012	    0.6345	    0.5806	    0.5440	    0.5227	    0.5048	    0.4928	    0.4910	    0.4944	    0.5062	    0.5297	    0.5569	    0.5724	    0.5726	    0.5631	    0.5458	    0.5327	    0.5450	    0.5867	    0.14	    0.23	    0.06	    0.01	
14	-	  173.40	  255.00	  255.00	 0.54049	 0.63255	 0.71144	   83.58	  -16.95	  -18.67	    0.6731	    0.5791	    0.6210	    0.6538	    0.7575	    0.8306	    0.8652	    0.8795	    0.8873	    0.8875	    0.8817	    0.8723	    0.8594	    0.8421	    0.8188	    0.7849	    0.7381	    0.6759	    0.6025	    0.5430	    0.5032	    0.4800	    0.4605	    0.4474	    0.4450	    0.4484	    0.4604	    0.4847	    0.5130	    0.5292	    0.5287	    0.5179	    0.4984	    0.4836	    0.4955	    0.5395	    0.16	    0.27	    0.06	    0.01	
15	-	  163.20	  255.00	  255.00	 0.51014	 0.60653	 0.70672	   82.19	  -18.84	  -20.63	    0.7281	    0.6077	    0.6157	    0.6526	    0.7494	    0.8222	    0.8586	    0.8744	    0.8831	    0.8830	    0.8767	    0.8668	    0.8529	    0.8341	    0.8086	    0.7711	    0.7199	    0.6521	    0.5729	    0.5091	    0.4669	    0.4422	    0.4216	    0.4076	    0.4049	    0.4083	    0.4202	    0.4451	    0.4744	    0.4909	    0.4899	    0.4780	    0.4570	    0.4410	    0.4532	    0.4991	    0.18	    0.31	    0.07	    0.02	
16	-	  153.00	  255.00	  255.00	 0.48244	 0.58264	 0.70132	   80.89	  -20.67	  -22.40	    0.5970	    0.5408	    0.5899	    0.6402	    0.7391	    0.8133	    0.8515	    0.8690	    0.8779	    0.8780	    0.8716	    0.8613	    0.8467	    0.8267	    0.7986	    0.7580	    0.7025	    0.6297	    0.5457	    0.4782	    0.4340	    0.4082	    0.3867	    0.3719	    0.3690	    0.3722	    0.3842	    0.4093	    0.4390	    0.4559	    0.4544	    0.4416	    0.4196	    0.4025	    0.4145	    0.4611	    0.20	    0.35	    0.08	    0.02	
17	-	  142.80	  255.00	  255.00	 0.45389	 0.55783	 0.69720	   79.49	  -22.64	  -24.43	    0.7019	    0.5977	    0.5937	    0.6296	    0.7288	    0.8052	    0.8461	    0.8652	    0.8745	    0.8745	    0.8678	    0.8566	    0.8410	    0.8192	    0.7886	    0.7443	    0.6842	    0.6061	    0.5170	    0.4459	    0.3998	    0.3728	    0.3502	    0.3349	    0.3319	    0.3351	    0.3471	    0.3723	    0.4024	    0.4192	    0.4172	    0.4039	    0.3810	    0.3627	    0.3739	    0.4214	    0.23	    0.39	    0.09	    0.02	
18	-	  132.60	  255.00	  255.00	 0.42455	 0.53166	 0.69040	   77.97	  -24.67	  -26.43	    0.5481	    0.5680	    0.5776	    0.6223	    0.7189	    0.7946	    0.8375	    0.8577	    0.8673	    0.8675	    0.8606	    0.8489	    0.8323	    0.8090	    0.7759	    0.7282	    0.6636	    0.5807	    0.4871	    0.4128	    0.3649	    0.3369	    0.3139	    0.2983	    0.2950	    0.2982	    0.3099	    0.3349	    0.3649	    0.3818	    0.3795	    0.3656	    0.3420	    0.3231	    0.3340	    0.3811	    0.25	    0.44	    0.11	    0.03	
19	-	  122.40	  255.00	  255.00	 0.39379	 0.50371	 0.68218	   76.30	  -26.86	  -28.57	    0.6793	    0.5890	    0.5793	    0.6147	    0.7074	    0.7827	    0.8270	    0.8486	    0.8584	    0.8581	    0.8509	    0.8388	    0.8212	    0.7968	    0.7614	    0.7101	    0.6409	    0.5530	    0.4552	    0.3778	    0.3286	    0.2999	    0.2765	    0.2604	    0.2570	    0.2601	    0.2715	    0.2961	    0.3256	    0.3424	    0.3398	    0.3255	    0.3015	    0.2820	    0.2918	    0.3384	    0.28	    0.50	    0.12	    0.03	
20	-	  112.20	  255.00	  255.00	 0.36861	 0.48132	 0.67720	   74.91	  -28.96	  -30.51	    0.4537	    0.5065	    0.5583	    0.6018	    0.6964	    0.7738	    0.8206	    0.8437	    0.8540	    0.8540	    0.8466	    0.8338	    0.8154	    0.7893	    0.7515	    0.6968	    0.6233	    0.5307	    0.4288	    0.3488	    0.2981	    0.2689	    0.2451	    0.2290	    0.2256	    0.2288	    0.2400	    0.2641	    0.2935	    0.3102	    0.3074	    0.2929	    0.2688	    0.2489	    0.2582	    0.3039	    0.31	    0.55	    0.13	    0.04	
21	-	  102.00	  255.00	  255.00	 0.34335	 0.45826	 0.67127	   73.43	  -31.09	  -32.50	    0.5077	    0.5197	    0.5544	    0.5959	    0.6887	    0.7637	    0.8125	    0.8375	    0.8481	    0.8479	    0.8401	    0.8266	    0.8075	    0.7804	    0.7403	    0.6822	    0.6044	    0.5070	    0.4015	    0.3191	    0.2676	    0.2380	    0.2143	    0.1983	    0.1949	    0.1982	    0.2092	    0.2326	    0.2613	    0.2777	    0.2748	    0.2603	    0.2361	    0.2162	    0.2251	    0.2698	    0.33	    0.61	    0.14	    0.04	
22	-	   91.80	  255.00	  255.00	 0.32246	 0.43912	 0.66851	   72.17	  -32.98	  -34.43	    0.8624	    0.5967	    0.5683	    0.5959	    0.6842	    0.7591	    0.8089	    0.8347	    0.8451	    0.8451	    0.8368	    0.8226	    0.8025	    0.7742	    0.7321	    0.6710	    0.5888	    0.4869	    0.3779	    0.2936	    0.2414	    0.2115	    0.1882	    0.1726	    0.1696	    0.1730	    0.1838	    0.2066	    0.2346	    0.2505	    0.2475	    0.2332	    0.2093	    0.1898	    0.1985	    0.2419	    0.36	    0.67	    0.15	    0.04	
23	-	   81.60	  255.00	  255.00	 0.29760	 0.41558	 0.66252	   70.57	  -35.22	  -36.63	    0.9188	    0.6119	    0.5775	    0.5855	    0.6720	    0.7487	    0.8011	    0.8284	    0.8396	    0.8393	    0.8303	    0.8155	    0.7945	    0.7646	    0.7201	    0.6550	    0.5681	    0.4612	    0.3487	    0.2629	    0.2106	    0.1811	    0.1586	    0.1437	    0.1409	    0.1444	    0.1548	    0.1768	    0.2038	    0.2193	    0.2162	    0.2020	    0.1786	    0.1599	    0.1685	    0.2112	    0.39	    0.74	    0.16	    0.04	
24	-	   71.40	  255.00	  255.00	 0.27498	 0.39437	 0.66047	   69.07	  -37.55	  -39.03	    0.8471	    0.5857	    0.5629	    0.5764	    0.6654	    0.7428	    0.7980	    0.8276	    0.8393	    0.8387	    0.8291	    0.8132	    0.7910	    0.7594	    0.7119	    0.6424	    0.5497	    0.4370	    0.3204	    0.2331	    0.1811	    0.1523	    0.1307	    0.1169	    0.1147	    0.1185	    0.1287	    0.1498	    0.1759	    0.1909	    0.1876	    0.1736	    0.1512	    0.1334	    0.1421	    0.1846	    0.42	    0.83	    0.17	    0.05	
25	-	   61.20	  255.00	  255.00	 0.25723	 0.37739	 0.66351	   67.83	  -39.45	  -41.45	    0.9238	    0.6408	    0.5643	    0.5739	    0.6625	    0.7425	    0.8015	    0.8330	    0.8452	    0.8445	    0.8341	    0.8168	    0.7929	    0.7588	    0.7077	    0.6333	    0.5341	    0.4155	    0.2952	    0.2071	    0.1561	    0.1285	    0.1083	    0.0958	    0.0943	    0.0982	    0.1083	    0.1287	    0.1540	    0.1685	    0.1651	    0.1515	    0.1299	    0.1132	    0.1228	    0.1658	    0.44	    0.91	    0.18	    0.04	
26	-	   51.00	  255.00	  255.00	 0.23867	 0.35834	 0.65891	   66.39	  -41.20	  -43.49	    0.9225	    0.6357	    0.5554	    0.5669	    0.6501	    0.7328	    0.7941	    0.8283	    0.8415	    0.8415	    0.8311	    0.8132	    0.7881	    0.7520	    0.6973	    0.6183	    0.5140	    0.3909	    0.2688	    0.1814	    0.1321	    0.1062	    0.0878	    0.0768	    0.0756	    0.0796	    0.0892	    0.1085	    0.1327	    0.1466	    0.1432	    0.1301	    0.1098	    0.0947	    0.1049	    0.1478	    0.47	    1.00	    0.19	    0.05	
27	-	   40.80	  255.00	  255.00	 0.21985	 0.33769	 0.65072	   64.78	  -42.72	  -45.50	    0.8826	    0.5810	    0.5306	    0.5472	    0.6328	    0.7166	    0.7825	    0.8199	    0.8341	    0.8347	    0.8243	    0.8060	    0.7796	    0.7413	    0.6828	    0.5986	    0.4893	    0.3630	    0.2406	    0.1554	    0.1089	    0.0853	    0.0689	    0.0594	    0.0587	    0.0624	    0.0712	    0.0890	    0.1116	    0.1248	    0.1215	    0.1091	    0.0904	    0.0768	    0.0871	    0.1294	    0.50	    1.10	    0.21	    0.05	
28	-	   30.60	  255.00	  255.00	 0.20161	 0.31543	 0.63996	   62.96	  -43.59	  -47.61	    0.9296	    0.6192	    0.5203	    0.5371	    0.6151	    0.6993	    0.7676	    0.8077	    0.8231	    0.8239	    0.8133	    0.7941	    0.7662	    0.7250	    0.6620	    0.5728	    0.4592	    0.3314	    0.2112	    0.1302	    0.0876	    0.0668	    0.0529	    0.0449	    0.0444	    0.0476	    0.0552	    0.0707	    0.0910	    0.1030	    0.1002	    0.0891	    0.0724	    0.0609	    0.0706	    0.1099	    0.54	    1.22	    0.23	    0.06	
29	-	   20.40	  255.00	  255.00	 0.18125	 0.28757	 0.62715	   60.57	  -43.61	  -50.50	    0.8893	    0.6057	    0.5169	    0.5252	    0.5997	    0.6810	    0.7522	    0.7942	    0.8095	    0.8098	    0.7979	    0.7767	    0.7458	    0.7004	    0.6314	    0.5356	    0.4175	    0.2896	    0.1748	    0.1013	    0.0648	    0.0477	    0.0369	    0.0309	    0.0306	    0.0330	    0.0387	    0.0509	    0.0674	    0.0774	    0.0750	    0.0659	    0.0525	    0.0437	    0.0519	    0.0849	    0.59	    1.38	    0.26	    0.07	
30	-	   10.20	  255.00	  255.00	 0.17012	 0.27105	 0.62150	   59.07	  -43.15	  -52.53	    1.0042	    0.6007	    0.5020	    0.5140	    0.5895	    0.6721	    0.7460	    0.7895	    0.8045	    0.8046	    0.7914	    0.7679	    0.7344	    0.6856	    0.6121	    0.5120	    0.3908	    0.2631	    0.1526	    0.0845	    0.0523	    0.0378	    0.0288	    0.0240	    0.0237	    0.0257	    0.0304	    0.0403	    0.0541	    0.0625	    0.0605	    0.0528	    0.0417	    0.0343	    0.0413	    0.0692	    0.62	    1.48	    0.28	    0.07	
31	-	    0.00	  255.00	  255.00	 0.15846	 0.25278	 0.61291	   57.35	  -42.27	  -54.67	    1.0700	    0.6145	    0.5151	    0.5001	    0.5754	    0.6584	    0.7355	    0.7811	    0.7968	    0.7960	    0.7810	    0.7556	    0.7192	    0.6666	    0.5884	    0.4838	    0.3602	    0.2339	    0.1288	    0.0674	    0.0401	    0.0284	    0.0215	    0.0179	    0.0176	    0.0191	    0.0227	    0.0305	    0.0412	    0.0479	    0.0464	    0.0401	    0.0313	    0.0259	    0.0317	    0.0544	    0.66	    1.61	    0.30	    0.08	
32	-	  255.00	  244.80	  255.00	 0.81088	 0.83176	 0.72198	   93.09	    1.73	   -3.20	    0.6036	    0.6282	    0.6575	    0.7003	    0.8003	    0.8655	    0.8848	    0.8888	    0.8929	    0.8897	    0.8808	    0.8710	    0.8600	    0.8453	    0.8315	    0.8248	    0.8229	    0.8155	    0.8092	    0.8187	    0.8270	    0.8327	    0.8360	    0.8393	    0.8433	    0.8485	    0.8567	    0.8658	    0.8758	    0.8841	    0.8916	    0.8978	    0.9038	    0.9085	    0.9119	    0.9159	    0.01	    0.00	    0.02	    0.01	
33	-	  255.00	  234.60	  255.00	 0.80184	 0.81185	 0.71448	   92.21	    3.75	   -4.05	    0.6346	    0.6460	    0.6566	    0.6914	    0.7947	    0.8615	    0.8803	    0.8826	    0.8849	    0.8793	    0.8667	    0.8535	    0.8396	    0.8192	    0.7985	    0.7908	    0.7912	    0.7825	    0.7776	    0.7965	    0.8158	    0.8282	    0.8342	    0.8384	    0.8430	    0.8484	    0.8567	    0.8657	    0.8755	    0.8839	    0.8913	    0.8972	    0.9030	    0.9074	    0.9107	    0.9149	    0.02	    0.00	    0.04	    0.01	
34	-	  255.00	  224.40	  255.00	 0.78689	 0.78452	 0.70182	   90.99	    6.10	   -5.03	    0.5229	    0.6386	    0.6437	    0.6846	    0.7863	    0.8526	    0.8698	    0.8704	    0.8706	    0.8619	    0.8454	    0.8284	    0.8110	    0.7846	    0.7567	    0.7479	    0.7510	    0.7409	    0.7375	    0.7663	    0.7975	    0.8175	    0.8272	    0.8328	    0.8377	    0.8435	    0.8520	    0.8610	    0.8710	    0.8794	    0.8869	    0.8928	    0.8988	    0.9033	    0.9066	    0.9105	    0.04	    0.01	    0.06	    0.02	
35	-	  255.00	  214.20	  255.00	 0.77486	 0.76062	 0.69189	   89.89	    8.44	   -6.02	    0.7488	    0.6811	    0.6541	    0.6885	    0.7852	    0.8470	    0.8624	    0.8609	    0.8588	    0.8470	    0.8265	    0.8062	    0.7857	    0.7536	    0.7194	    0.7097	    0.7147	    0.7035	    0.7012	    0.7392	    0.7818	    0.8095	    0.8227	    0.8298	    0.8354	    0.8415	    0.8501	    0.8593	    0.8692	    0.8777	    0.8853	    0.8913	    0.8973	    0.9019	    0.9051	    0.9092	    0.05	    0.01	    0.08	    0.03	
36	-	  255.00	  204.00	  255.00	 0.76235	 0.73696	 0.68075	   88.78	   10.71	   -6.92	    0.6325	    0.6015	    0.6413	    0.6825	    0.7783	    0.8398	    0.8536	    0.8504	    0.8461	    0.8315	    0.8072	    0.7839	    0.7606	    0.7233	    0.6831	    0.6726	    0.6796	    0.6671	    0.6659	    0.7122	    0.7655	    0.8007	    0.8177	    0.8262	    0.8323	    0.8386	    0.8475	    0.8568	    0.8669	    0.8756	    0.8833	    0.8894	    0.8955	    0.9002	    0.9035	    0.9075	    0.06	    0.01	    0.10	    0.04	
37	-	  255.00	  193.80	  255.00	 0.74809	 0.71209	 0.66856	   87.59	   12.95	   -7.85	    0.4555	    0.5656	    0.6283	    0.6749	    0.7723	    0.8314	    0.8429	    0.8381	    0.8320	    0.8147	    0.7868	    0.7604	    0.7345	    0.6929	    0.6473	    0.6354	    0.6440	    0.6304	    0.6298	    0.6833	    0.7467	    0.7892	    0.8101	    0.8204	    0.8273	    0.8340	    0.8430	    0.8526	    0.8628	    0.8714	    0.8792	    0.8856	    0.8917	    0.8965	    0.9000	    0.9042	    0.07	    0.01	    0.12	    0.04	
38	-	  255.00	  183.60	  255.00	 0.73319	 0.68602	 0.65598	   86.31	   15.39	   -8.88	    0.6331	    0.5881	    0.6357	    0.6724	    0.7666	    0.8225	    0.8322	    0.8251	    0.8167	    0.7969	    0.7652	    0.7356	    0.7073	    0.6610	    0.6100	    0.5970	    0.6070	    0.5920	    0.5919	    0.6525	    0.7264	    0.7769	    0.8022	    0.8145	    0.8222	    0.8295	    0.8388	    0.8485	    0.8589	    0.8678	    0.8757	    0.8823	    0.8885	    0.8934	    0.8970	    0.9012	    0.09	    0.02	    0.15	    0.05	
39	-	  255.00	  173.40	  255.00	 0.71668	 0.65881	 0.64116	   84.94	   17.85	   -9.84	    0.5957	    0.5856	    0.6321	    0.6644	    0.7538	    0.8099	    0.8187	    0.8097	    0.7996	    0.7771	    0.7415	    0.7090	    0.6779	    0.6271	    0.5713	    0.5575	    0.5691	    0.5534	    0.5540	    0.6216	    0.7053	    0.7632	    0.7925	    0.8065	    0.8151	    0.8225	    0.8319	    0.8417	    0.8521	    0.8609	    0.8689	    0.8754	    0.8815	    0.8866	    0.8901	    0.8939	    0.10	    0.02	    0.17	    0.06	
40	-	  255.00	  163.20	  255.00	 0.70100	 0.63331	 0.62773	   83.62	   20.21	  -10.82	    0.5906	    0.5779	    0.6146	    0.6553	    0.7457	    0.7988	    0.8067	    0.7957	    0.7834	    0.7588	    0.7200	    0.6847	    0.6514	    0.5967	    0.5362	    0.5214	    0.5340	    0.5173	    0.5182	    0.5914	    0.6841	    0.7492	    0.7829	    0.7989	    0.8084	    0.8164	    0.8259	    0.8357	    0.8463	    0.8553	    0.8634	    0.8700	    0.8763	    0.8812	    0.8849	    0.8889	    0.12	    0.03	    0.20	    0.07	
41	-	  255.00	  153.00	  255.00	 0.68014	 0.60058	 0.61119	   81.87	   23.23	  -12.21	    0.5741	    0.5767	    0.6049	    0.6433	    0.7330	    0.7857	    0.7916	    0.7789	    0.7642	    0.7361	    0.6932	    0.6545	    0.6182	    0.5584	    0.4924	    0.4763	    0.4901	    0.4719	    0.4727	    0.5528	    0.6564	    0.7301	    0.7686	    0.7872	    0.7979	    0.8064	    0.8164	    0.8264	    0.8369	    0.8460	    0.8541	    0.8608	    0.8671	    0.8718	    0.8752	    0.8796	    0.14	    0.03	    0.23	    0.09	
42	-	  255.00	  142.80	  255.00	 0.66182	 0.57254	 0.59621	   80.32	   25.87	  -13.39	    0.5150	    0.5520	    0.5936	    0.6331	    0.7226	    0.7740	    0.7777	    0.7631	    0.7466	    0.7156	    0.6691	    0.6277	    0.5893	    0.5257	    0.4555	    0.4382	    0.4530	    0.4338	    0.4346	    0.5197	    0.6320	    0.7128	    0.7557	    0.7767	    0.7884	    0.7973	    0.8074	    0.8175	    0.8282	    0.8374	    0.8454	    0.8521	    0.8585	    0.8634	    0.8668	    0.8710	    0.15	    0.04	    0.26	    0.10	
43	-	  255.00	  132.60	  255.00	 0.64361	 0.54461	 0.58125	   78.73	   28.65	  -14.62	    0.5519	    0.5305	    0.5958	    0.6299	    0.7138	    0.7622	    0.7637	    0.7471	    0.7282	    0.6946	    0.6450	    0.6009	    0.5599	    0.4928	    0.4186	    0.4003	    0.4159	    0.3960	    0.3968	    0.4869	    0.6079	    0.6958	    0.7430	    0.7661	    0.7789	    0.7882	    0.7985	    0.8085	    0.8191	    0.8282	    0.8363	    0.8430	    0.8493	    0.8542	    0.8575	    0.8614	    0.17	    0.05	    0.30	    0.11	
44	-	  255.00	  122.40	  255.00	 0.62989	 0.52169	 0.56940	   77.38	   31.34	  -15.73	    0.4866	    0.5250	    0.5821	    0.6255	    0.7077	    0.7529	    0.7535	    0.7349	    0.7142	    0.6782	    0.6253	    0.5784	    0.5354	    0.4647	    0.3868	    0.3676	    0.3840	    0.3634	    0.3643	    0.4596	    0.5893	    0.6841	    0.7350	    0.7599	    0.7736	    0.7833	    0.7936	    0.8037	    0.8142	    0.8233	    0.8313	    0.8379	    0.8441	    0.8488	    0.8521	    0.8558	    0.19	    0.05	    0.33	    0.12	
45	-	  255.00	  112.20	  255.00	 0.61965	 0.50260	 0.55866	   76.23	   33.94	  -16.60	    0.4336	    0.4985	    0.5732	    0.6176	    0.6999	    0.7449	    0.7438	    0.7242	    0.7019	    0.6634	    0.6073	    0.5582	    0.5133	    0.4396	    0.3584	    0.3386	    0.3559	    0.3346	    0.3361	    0.4368	    0.5753	    0.6770	    0.7313	    0.7578	    0.7720	    0.7818	    0.7919	    0.8018	    0.8121	    0.8208	    0.8286	    0.8349	    0.8406	    0.8452	    0.8485	    0.8517	    0.20	    0.05	    0.36	    0.13	
46	-	  255.00	  102.00	  255.00	 0.61178	 0.48283	 0.54667	   75.00	   37.39	  -17.45	    0.4955	    0.5410	    0.5860	    0.6134	    0.6932	    0.7369	    0.7338	    0.7117	    0.6873	    0.6464	    0.5865	    0.5340	    0.4869	    0.4098	    0.3255	    0.3054	    0.3236	    0.3019	    0.3045	    0.4124	    0.5634	    0.6744	    0.7333	    0.7616	    0.7766	    0.7865	    0.7965	    0.8062	    0.8161	    0.8244	    0.8318	    0.8378	    0.8433	    0.8475	    0.8501	    0.8529	    0.22	    0.05	    0.40	    0.14	
47	-	  255.00	   91.80	  255.00	 0.60258	 0.46320	 0.52748	   73.75	   40.62	  -17.54	    0.4501	    0.4577	    0.5564	    0.5919	    0.6709	    0.7159	    0.7137	    0.6904	    0.6650	    0.6221	    0.5596	    0.5057	    0.4576	    0.3788	    0.2935	    0.2738	    0.2928	    0.2714	    0.2750	    0.3882	    0.5507	    0.6716	    0.7351	    0.7651	    0.7806	    0.7905	    0.8001	    0.8092	    0.8188	    0.8268	    0.8337	    0.8390	    0.8440	    0.8477	    0.8500	    0.8524	    0.23	    0.05	    0.44	    0.15	
48	-	  255.00	   81.60	  255.00	 0.59853	 0.44425	 0.50854	   72.51	   45.00	  -17.59	    0.4514	    0.4843	    0.5343	    0.5821	    0.6604	    0.6995	    0.6948	    0.6696	    0.6414	    0.5957	    0.5294	    0.4733	    0.4242	    0.3441	    0.2582	    0.2388	    0.2583	    0.2375	    0.2422	    0.3612	    0.5388	    0.6748	    0.7464	    0.7798	    0.7966	    0.8071	    0.8170	    0.8263	    0.8359	    0.8437	    0.8505	    0.8558	    0.8605	    0.8641	    0.8661	    0.8686	    0.24	    0.04	    0.48	    0.17	
49	-	  255.00	   71.40	  255.00	 0.59019	 0.42322	 0.48785	   71.09	   49.13	  -17.70	    0.4713	    0.4664	    0.5285	    0.5680	    0.6435	    0.6822	    0.6747	    0.6465	    0.6154	    0.5664	    0.4970	    0.4393	    0.3897	    0.3096	    0.2252	    0.2064	    0.2255	    0.2057	    0.2106	    0.3308	    0.5187	    0.6694	    0.7502	    0.7880	    0.8068	    0.8185	    0.8295	    0.8395	    0.8495	    0.8577	    0.8648	    0.8703	    0.8753	    0.8787	    0.8808	    0.8834	    0.26	    0.04	    0.54	    0.19	
50	-	  255.00	   61.20	  255.00	 0.57551	 0.39935	 0.46634	   69.42	   52.78	  -18.07	    0.4982	    0.5452	    0.5317	    0.5596	    0.6291	    0.6643	    0.6529	    0.6215	    0.5873	    0.5354	    0.4636	    0.4046	    0.3550	    0.2764	    0.1947	    0.1767	    0.1948	    0.1762	    0.1811	    0.2985	    0.4904	    0.6524	    0.7423	    0.7848	    0.8063	    0.8197	    0.8320	    0.8431	    0.8543	    0.8634	    0.8713	    0.8775	    0.8833	    0.8877	    0.8903	    0.8935	    0.28	    0.04	    0.59	    0.21	
51	-	  255.00	   51.00	  255.00	 0.55570	 0.37148	 0.44459	   67.39	   56.66	  -18.97	    0.6949	    0.5177	    0.5361	    0.5546	    0.6177	    0.6476	    0.6322	    0.5967	    0.5587	    0.5031	    0.4280	    0.3675	    0.3175	    0.2407	    0.1629	    0.1459	    0.1625	    0.1453	    0.1501	    0.2620	    0.4544	    0.6262	    0.7259	    0.7740	    0.7988	    0.8143	    0.8282	    0.8406	    0.8529	    0.8632	    0.8723	    0.8795	    0.8865	    0.8919	    0.8955	    0.8997	    0.30	    0.05	    0.66	    0.23	
52	-	  255.00	   40.80	  255.00	 0.53366	 0.34459	 0.42451	   65.33	   59.98	  -20.04	    0.5391	    0.4785	    0.5045	    0.5446	    0.6035	    0.6319	    0.6135	    0.5744	    0.5330	    0.4737	    0.3955	    0.3336	    0.2835	    0.2087	    0.1351	    0.1195	    0.1343	    0.1186	    0.1234	    0.2293	    0.4191	    0.5966	    0.7042	    0.7569	    0.7841	    0.8009	    0.8157	    0.8289	    0.8418	    0.8530	    0.8629	    0.8713	    0.8794	    0.8860	    0.8909	    0.8963	    0.33	    0.06	    0.73	    0.26	
53	-	  255.00	   30.60	  255.00	 0.51587	 0.32262	 0.40255	   63.56	   62.98	  -20.27	    0.3521	    0.4318	    0.4943	    0.5237	    0.5847	    0.6114	    0.5906	    0.5490	    0.5049	    0.4431	    0.3630	    0.3007	    0.2515	    0.1797	    0.1112	    0.0972	    0.1105	    0.0964	    0.1016	    0.2027	    0.3919	    0.5758	    0.6901	    0.7462	    0.7743	    0.7911	    0.8053	    0.8178	    0.8303	    0.8408	    0.8504	    0.8584	    0.8661	    0.8727	    0.8777	    0.8834	    0.35	    0.07	    0.81	    0.28	
54	-	  255.00	   20.40	  255.00	 0.49845	 0.29846	 0.37115	   61.52	   67.14	  -19.58	    0.5431	    0.4621	    0.4795	    0.5033	    0.5599	    0.5801	    0.5555	    0.5106	    0.4635	    0.3996	    0.3186	    0.2568	    0.2097	    0.1439	    0.0841	    0.0725	    0.0835	    0.0718	    0.0767	    0.1685	    0.3569	    0.5537	    0.6801	    0.7428	    0.7740	    0.7921	    0.8066	    0.8190	    0.8310	    0.8410	    0.8498	    0.8572	    0.8641	    0.8698	    0.8738	    0.8786	    0.38	    0.07	    0.91	    0.32	
55	-	  255.00	   10.20	  255.00	 0.47212	 0.27042	 0.33601	   59.01	   70.76	  -18.91	    0.6911	    0.4794	    0.4617	    0.4736	    0.5233	    0.5418	    0.5152	    0.4672	    0.4178	    0.3524	    0.2714	    0.2114	    0.1676	    0.1094	    0.0597	    0.0504	    0.0589	    0.0500	    0.0541	    0.1328	    0.3127	    0.5172	    0.6547	    0.7243	    0.7589	    0.7787	    0.7938	    0.8064	    0.8182	    0.8281	    0.8366	    0.8435	    0.8500	    0.8551	    0.8588	    0.8625	    0.41	    0.08	    1.03	    0.36	
56	-	  255.00	    0.00	  255.00	 0.44984	 0.24986	 0.30935	   57.06	   72.87	  -18.24	    0.5441	    0.4143	    0.4325	    0.4500	    0.5001	    0.5131	    0.4837	    0.4334	    0.3823	    0.3162	    0.2363	    0.1792	    0.1387	    0.0877	    0.0464	    0.0389	    0.0453	    0.0385	    0.0415	    0.1073	    0.2742	    0.4813	    0.6281	    0.7047	    0.7433	    0.7652	    0.7817	    0.7951	    0.8077	    0.8180	    0.8271	    0.8342	    0.8409	    0.8463	    0.8501	    0.8539	    0.44	    0.10	    1.13	    0.40	
57	-	  255.00	  255.00	  244.80	 0.81471	 0.85342	 0.69394	   94.03	   -1.58	    0.93	    0.6806	    0.6030	    0.6205	    0.6532	    0.7539	    0.8196	    0.8403	    0.8463	    0.8531	    0.8548	    0.8570	    0.8643	    0.8719	    0.8734	    0.8715	    0.8671	    0.8625	    0.8569	    0.8485	    0.8456	    0.8398	    0.8374	    0.8370	    0.8389	    0.8424	    0.8472	    0.8551	    0.8637	    0.8731	    0.8810	    0.8881	    0.8940	    0.8999	    0.9041	    0.9070	    0.9107	    0.00	    0.00	    0.00	    0.02	
58	-	  255.00	  255.00	  234.60	 0.81040	 0.85276	 0.65784	   94.00	   -2.29	    4.21	    0.5691	    0.6038	    0.5883	    0.6189	    0.7095	    0.7713	    0.7907	    0.7970	    0.8042	    0.8075	    0.8160	    0.8370	    0.8598	    0.8700	    0.8715	    0.8683	    0.8642	    0.8589	    0.8509	    0.8481	    0.8423	    0.8396	    0.8394	    0.8414	    0.8448	    0.8497	    0.8577	    0.8664	    0.8760	    0.8840	    0.8911	    0.8968	    0.9024	    0.9068	    0.9099	    0.9137	    0.00	    0.00	    0.00	    0.05	
59	-	  255.00	  255.00	  224.40	 0.80025	 0.84765	 0.60343	   93.78	   -3.32	    9.09	    0.5533	    0.5352	    0.5285	    0.5630	    0.6438	    0.6988	    0.7167	    0.7235	    0.7312	    0.7366	    0.7536	    0.7935	    0.8377	    0.8612	    0.8679	    0.8663	    0.8627	    0.8577	    0.8498	    0.8471	    0.8414	    0.8389	    0.8386	    0.8407	    0.8443	    0.8491	    0.8571	    0.8657	    0.8752	    0.8832	    0.8904	    0.8960	    0.9016	    0.9060	    0.9089	    0.9125	    0.00	    0.00	    0.01	    0.08	
60	-	  255.00	  255.00	  214.20	 0.79433	 0.84544	 0.56569	   93.69	   -4.07	   12.77	    0.5018	    0.4917	    0.4975	    0.5279	    0.5985	    0.6489	    0.6656	    0.6723	    0.6799	    0.6868	    0.7102	    0.7632	    0.8230	    0.8564	    0.8669	    0.8664	    0.8632	    0.8584	    0.8506	    0.8479	    0.8422	    0.8397	    0.8395	    0.8415	    0.8450	    0.8498	    0.8578	    0.8665	    0.8759	    0.8839	    0.8910	    0.8968	    0.9023	    0.9065	    0.9096	    0.9134	    0.00	    0.00	    0.01	    0.11	
61	-	  255.00	  255.00	  204.00	 0.78946	 0.84354	 0.53424	   93.60	   -4.67	   15.96	    0.3502	    0.4398	    0.4666	    0.4942	    0.5605	    0.6070	    0.6228	    0.6301	    0.6378	    0.6459	    0.6739	    0.7374	    0.8104	    0.8521	    0.8658	    0.8661	    0.8634	    0.8589	    0.8513	    0.8487	    0.8430	    0.8405	    0.8403	    0.8422	    0.8457	    0.8507	    0.8586	    0.8672	    0.8769	    0.8849	    0.8921	    0.8977	    0.9032	    0.9075	    0.9106	    0.9144	    0.01	    0.00	    0.01	    0.13	
62	-	  255.00	  255.00	  193.80	 0.78239	 0.84064	 0.48949	   93.48	   -5.53	   20.71	    0.4852	    0.4076	    0.4292	    0.4495	    0.5086	    0.5483	    0.5624	    0.5696	    0.5774	    0.5870	    0.6212	    0.6995	    0.7912	    0.8455	    0.8645	    0.8663	    0.8639	    0.8594	    0.8519	    0.8494	    0.8438	    0.8412	    0.8411	    0.8431	    0.8467	    0.8516	    0.8596	    0.8684	    0.8779	    0.8859	    0.8931	    0.8989	    0.9044	    0.9087	    0.9119	    0.9154	    0.01	    0.00	    0.01	    0.17	
63	-	  255.00	  255.00	  183.60	 0.77143	 0.83195	 0.45450	   93.10	   -6.09	   24.16	    0.4115	    0.3981	    0.4032	    0.4103	    0.4636	    0.5023	    0.5163	    0.5236	    0.5318	    0.5424	    0.5798	    0.6668	    0.7705	    0.8334	    0.8562	    0.8593	    0.8575	    0.8532	    0.8456	    0.8431	    0.8376	    0.8352	    0.8353	    0.8374	    0.8410	    0.8459	    0.8539	    0.8626	    0.8720	    0.8800	    0.8872	    0.8930	    0.8983	    0.9027	    0.9058	    0.9089	    0.01	    0.00	    0.01	    0.20	
64	-	  255.00	  255.00	  173.40	 0.76520	 0.82899	 0.41394	   92.97	   -6.78	   28.97	    0.5577	    0.3877	    0.3629	    0.3716	    0.4191	    0.4496	    0.4621	    0.4696	    0.4774	    0.4890	    0.5304	    0.6288	    0.7498	    0.8256	    0.8539	    0.8588	    0.8575	    0.8536	    0.8462	    0.8439	    0.8386	    0.8362	    0.8363	    0.8385	    0.8420	    0.8470	    0.8550	    0.8638	    0.8733	    0.8812	    0.8884	    0.8942	    0.8997	    0.9041	    0.9072	    0.9104	    0.01	    0.00	    0.01	    0.24	
65	-	  255.00	  255.00	  163.20	 0.76208	 0.82955	 0.37815	   92.99	   -7.52	   33.73	    0.4836	    0.3968	    0.3354	    0.3360	    0.3751	    0.4031	    0.4145	    0.4217	    0.4293	    0.4415	    0.4871	    0.5968	    0.7340	    0.8222	    0.8560	    0.8624	    0.8614	    0.8575	    0.8502	    0.8479	    0.8424	    0.8400	    0.8399	    0.8419	    0.8456	    0.8506	    0.8586	    0.8673	    0.8766	    0.8847	    0.8917	    0.8973	    0.9027	    0.9068	    0.9097	    0.9135	    0.01	    0.00	    0.01	    0.27	
66	-	  255.00	  255.00	  153.00	 0.75436	 0.82446	 0.34429	   92.77	   -8.12	   38.09	    0.3802	    0.4099	    0.3121	    0.3030	    0.3363	    0.3599	    0.3697	    0.3767	    0.3844	    0.3971	    0.4458	    0.5643	    0.7150	    0.8134	    0.8519	    0.8596	    0.8592	    0.8552	    0.8479	    0.8456	    0.8401	    0.8377	    0.8376	    0.8397	    0.8432	    0.8482	    0.8562	    0.8649	    0.8743	    0.8823	    0.8894	    0.8950	    0.9004	    0.9048	    0.9077	    0.9114	    0.01	    0.00	    0.02	    0.31	
67	-	  255.00	  255.00	  142.80	 0.74744	 0.81958	 0.31306	   92.56	   -8.61	   42.38	    0.4731	    0.2804	    0.2741	    0.2716	    0.3011	    0.3207	    0.3293	    0.3362	    0.3435	    0.3562	    0.4064	    0.5315	    0.6943	    0.8037	    0.8476	    0.8570	    0.8568	    0.8531	    0.8459	    0.8435	    0.8381	    0.8358	    0.8357	    0.8378	    0.8415	    0.8465	    0.8546	    0.8633	    0.8727	    0.8809	    0.8880	    0.8937	    0.8993	    0.9035	    0.9063	    0.9102	    0.01	    0.00	    0.02	    0.35	
68	-	  255.00	  255.00	  132.60	 0.74098	 0.81546	 0.27674	   92.37	   -9.15	   47.90	    0.3380	    0.2775	    0.2414	    0.2381	    0.2588	    0.2752	    0.2828	    0.2890	    0.2958	    0.3087	    0.3601	    0.4918	    0.6693	    0.7926	    0.8437	    0.8554	    0.8560	    0.8526	    0.8455	    0.8432	    0.8377	    0.8355	    0.8355	    0.8375	    0.8411	    0.8461	    0.8543	    0.8630	    0.8725	    0.8805	    0.8877	    0.8937	    0.8992	    0.9035	    0.9064	    0.9102	    0.01	    0.00	    0.02	    0.40	
69	-	  255.00	  255.00	  122.40	 0.73562	 0.81186	 0.24802	   92.21	   -9.57	   52.61	    0.2217	    0.2191	    0.2174	    0.2072	    0.2257	    0.2399	    0.2462	    0.2521	    0.2586	    0.2712	    0.3231	    0.4592	    0.6481	    0.7831	    0.8403	    0.8540	    0.8552	    0.8519	    0.8450	    0.8427	    0.8373	    0.8350	    0.8349	    0.8369	    0.8405	    0.8456	    0.8536	    0.8623	    0.8718	    0.8798	    0.8870	    0.8927	    0.8981	    0.9025	    0.9057	    0.9095	    0.02	    0.00	    0.02	    0.44	
70	-	  255.00	  255.00	  112.20	 0.73175	 0.80910	 0.22811	   92.09	   -9.84	   56.08	    0.2926	    0.2479	    0.2038	    0.1847	    0.2024	    0.2156	    0.2213	    0.2266	    0.2326	    0.2452	    0.2970	    0.4355	    0.6321	    0.7757	    0.8376	    0.8530	    0.8545	    0.8513	    0.8444	    0.8421	    0.8367	    0.8343	    0.8342	    0.8362	    0.8399	    0.8449	    0.8530	    0.8619	    0.8714	    0.8794	    0.8866	    0.8925	    0.8979	    0.9025	    0.9057	    0.9093	    0.02	    0.00	    0.03	    0.48	
71	-	  255.00	  255.00	  102.00	 0.71938	 0.79746	 0.19771	   91.57	  -10.18	   61.25	    0.2846	    0.2222	    0.1719	    0.1605	    0.1703	    0.1792	    0.1834	    0.1883	    0.1942	    0.2060	    0.2563	    0.3965	    0.6023	    0.7571	    0.8259	    0.8434	    0.8456	    0.8426	    0.8356	    0.8331	    0.8278	    0.8256	    0.8258	    0.8278	    0.8313	    0.8361	    0.8439	    0.8524	    0.8617	    0.8694	    0.8764	    0.8822	    0.8877	    0.8922	    0.8951	    0.8985	    0.02	    0.01	    0.03	    0.54	
72	-	  255.00	  255.00	   91.80	 0.71656	 0.79594	 0.16910	   91.50	  -10.48	   67.44	    0.2278	    0.1481	    0.1401	    0.1296	    0.1381	    0.1443	    0.1481	    0.1526	    0.1579	    0.1690	    0.2175	    0.3587	    0.5757	    0.7458	    0.8236	    0.8443	    0.8475	    0.8449	    0.8381	    0.8359	    0.8304	    0.8280	    0.8280	    0.8300	    0.8335	    0.8385	    0.8464	    0.8550	    0.8646	    0.8727	    0.8800	    0.8857	    0.8913	    0.8958	    0.8990	    0.9026	    0.02	    0.01	    0.03	    0.60	
73	-	  255.00	  255.00	   81.60	 0.70966	 0.79006	 0.14374	   91.24	  -10.79	   73.20	    0.2320	    0.1543	    0.1243	    0.1038	    0.1090	    0.1145	    0.1176	    0.1211	    0.1255	    0.1361	    0.1827	    0.3240	    0.5496	    0.7321	    0.8179	    0.8413	    0.8451	    0.8425	    0.8354	    0.8328	    0.8272	    0.8246	    0.8244	    0.8264	    0.8300	    0.8351	    0.8431	    0.8517	    0.8613	    0.8694	    0.8767	    0.8825	    0.8882	    0.8925	    0.8956	    0.8994	    0.02	    0.01	    0.04	    0.66	
74	-	  255.00	  255.00	   71.40	 0.70316	 0.78322	 0.12048	   90.93	  -10.84	   79.04	    0.0406	    0.1416	    0.0910	    0.0828	    0.0852	    0.0886	    0.0908	    0.0937	    0.0971	    0.1062	    0.1488	    0.2859	    0.5176	    0.7137	    0.8090	    0.8362	    0.8413	    0.8390	    0.8323	    0.8298	    0.8241	    0.8216	    0.8213	    0.8233	    0.8268	    0.8317	    0.8395	    0.8480	    0.8574	    0.8653	    0.8724	    0.8781	    0.8839	    0.8882	    0.8912	    0.8946	    0.03	    0.01	    0.04	    0.73	
75	-	  255.00	  255.00	   61.20	 0.69891	 0.77802	 0.10411	   90.69	  -10.72	   83.64	    0.1994	    0.0994	    0.0833	    0.0703	    0.0680	    0.0709	    0.0727	    0.0747	    0.0777	    0.0856	    0.1241	    0.2555	    0.4897	    0.6971	    0.8014	    0.8319	    0.8383	    0.8367	    0.8301	    0.8278	    0.8223	    0.8200	    0.8196	    0.8215	    0.8250	    0.8299	    0.8376	    0.8460	    0.8552	    0.8631	    0.8700	    0.8756	    0.8811	    0.8852	    0.8880	    0.8915	    0.03	    0.01	    0.05	    0.79	
76	-	  255.00	  255.00	   51.00	 0.69235	 0.76969	 0.08875	   90.31	  -10.49	   88.18	    0.2136	    0.1443	    0.0849	    0.0629	    0.0555	    0.0556	    0.0564	    0.0575	    0.0597	    0.0664	    0.0997	    0.2229	    0.4576	    0.6758	    0.7899	    0.8246	    0.8324	    0.8311	    0.8248	    0.8225	    0.8171	    0.8148	    0.8148	    0.8169	    0.8204	    0.8253	    0.8329	    0.8412	    0.8504	    0.8582	    0.8650	    0.8706	    0.8760	    0.8800	    0.8827	    0.8857	    0.03	    0.01	    0.05	    0.86	
77	-	  255.00	  255.00	   40.80	 0.69039	 0.76558	 0.07318	   90.12	  -10.09	   93.77	   -0.1421	    0.0385	    0.0402	    0.0425	    0.0378	    0.0397	    0.0406	    0.0417	    0.0434	    0.0483	    0.0755	    0.1874	    0.4209	    0.6538	    0.7815	    0.8217	    0.8309	    0.8303	    0.8244	    0.8226	    0.8175	    0.8154	    0.8157	    0.8178	    0.8216	    0.8267	    0.8345	    0.8430	    0.8523	    0.8600	    0.8670	    0.8724	    0.8775	    0.8815	    0.8844	    0.8874	    0.03	    0.01	    0.06	    0.94	
78	-	  255.00	  255.00	   30.60	 0.68704	 0.75854	 0.06053	   89.79	   -9.41	   98.68	    0.0825	    0.0746	    0.0419	    0.0300	    0.0297	    0.0295	    0.0296	    0.0294	    0.0304	    0.0343	    0.0539	    0.1488	    0.3752	    0.6229	    0.7680	    0.8160	    0.8274	    0.8272	    0.8216	    0.8199	    0.8151	    0.8134	    0.8138	    0.8163	    0.8204	    0.8259	    0.8341	    0.8430	    0.8527	    0.8607	    0.8677	    0.8736	    0.8788	    0.8828	    0.8854	    0.8886	    0.04	    0.01	    0.06	    1.02	
79	-	  255.00	  255.00	   20.40	 0.67301	 0.73544	 0.04489	   88.71	   -7.80	  104.75	    0.0149	   -0.0015	    0.0289	    0.0255	    0.0201	    0.0198	    0.0190	    0.0185	    0.0192	    0.0212	    0.0291	    0.0865	    0.2777	    0.5427	    0.7260	    0.7941	    0.8122	    0.8138	    0.8083	    0.8064	    0.8013	    0.7991	    0.7995	    0.8019	    0.8056	    0.8108	    0.8187	    0.8275	    0.8370	    0.8454	    0.8530	    0.8593	    0.8653	    0.8701	    0.8737	    0.8773	    0.05	    0.02	    0.08	    1.17	
80	-	  255.00	  255.00	   10.20	 0.67042	 0.72143	 0.03700	   88.04	   -5.48	  108.33	    0.0698	    0.0136	    0.0248	    0.0225	    0.0185	    0.0164	    0.0162	    0.0155	    0.0160	    0.0177	    0.0215	    0.0513	    0.1909	    0.4527	    0.6788	    0.7768	    0.8054	    0.8098	    0.8054	    0.8041	    0.7994	    0.7977	    0.7982	    0.8008	    0.8047	    0.8100	    0.8180	    0.8266	    0.8363	    0.8446	    0.8520	    0.8583	    0.8644	    0.8692	    0.8726	    0.8760	    0.05	    0.02	    0.10	    1.28	
81	-	  255.00	  255.00	    0.00	 0.67417	 0.71477	 0.03309	   87.72	   -3.27	  110.36	    0.1099	    0.0798	    0.0383	    0.0219	    0.0184	    0.0167	    0.0157	    0.0149	    0.0153	    0.0170	    0.0201	    0.0371	    0.1334	    0.3720	    0.6309	    0.7627	    0.8051	    0.8137	    0.8104	    0.8095	    0.8051	    0.8035	    0.8041	    0.8067	    0.8110	    0.8164	    0.8243	    0.8328	    0.8419	    0.8496	    0.8564	    0.8620	    0.8676	    0.8717	    0.8747	    0.8782	    0.06	    0.02	    0.12	    1.35	
82	-	  244.80	  244.80	  244.80	 0.75612	 0.78821	 0.66405	   91.15	   -0.79	   -1.28	    0.5054	    0.5826	    0.5794	    0.6190	    0.7157	    0.7845	    0.8076	    0.8138	    0.8210	    0.8218	    0.8196	    0.8175	    0.8142	    0.8082	    0.8024	    0.7977	    0.7941	    0.7875	    0.7787	    0.7775	    0.7745	    0.7734	    0.7736	    0.7755	    0.7790	    0.7839	    0.7919	    0.8009	    0.8108	    0.8186	    0.8250	    0.8297	    0.8343	    0.8385	    0.8429	    0.8486	    0.04	    0.04	    0.04	    0.04	
83	-	  234.60	  234.60	  234.60	 0.70317	 0.73289	 0.61949	   88.59	   -0.75	   -1.45	    0.5689	    0.5275	    0.5474	    0.5797	    0.6678	    0.7313	    0.7527	    0.7591	    0.7659	    0.7670	    0.7652	    0.7636	    0.7603	    0.7538	    0.7470	    0.7422	    0.7388	    0.7314	    0.7218	    0.7211	    0.7194	    0.7190	    0.7190	    0.7205	    0.7241	    0.7292	    0.7374	    0.7469	    0.7572	    0.7651	    0.7707	    0.7743	    0.7781	    0.7821	    0.7875	    0.7956	    0.07	    0.07	    0.07	    0.07	
84	-	  224.40	  224.40	  224.40	 0.65281	 0.68051	 0.58089	   86.03	   -0.75	   -2.00	    0.4124	    0.4778	    0.5020	    0.5432	    0.6254	    0.6842	    0.7050	    0.7122	    0.7196	    0.7212	    0.7190	    0.7151	    0.7097	    0.7020	    0.6946	    0.6897	    0.6868	    0.6791	    0.6691	    0.6682	    0.6667	    0.6662	    0.6657	    0.6667	    0.6701	    0.6754	    0.6838	    0.6937	    0.7044	    0.7121	    0.7169	    0.7200	    0.7228	    0.7263	    0.7327	    0.7430	    0.10	    0.10	    0.10	    0.10	
85	-	  214.20	  214.20	  214.20	 0.59273	 0.61808	 0.52970	   82.81	   -0.77	   -2.16	    0.3928	    0.4221	    0.4664	    0.4907	    0.5650	    0.6199	    0.6406	    0.6491	    0.6575	    0.6599	    0.6584	    0.6554	    0.6506	    0.6422	    0.6324	    0.6272	    0.6249	    0.6151	    0.6035	    0.6040	    0.6048	    0.6051	    0.6040	    0.6041	    0.6076	    0.6133	    0.6223	    0.6335	    0.6456	    0.6539	    0.6579	    0.6593	    0.6599	    0.6618	    0.6695	    0.6838	    0.14	    0.14	    0.14	    0.14	
86	-	  204.00	  204.00	  204.00	 0.54546	 0.56742	 0.48296	   80.03	   -0.42	   -1.72	    0.4361	    0.4001	    0.4255	    0.4447	    0.5130	    0.5614	    0.5817	    0.5909	    0.5998	    0.6037	    0.6032	    0.6012	    0.5975	    0.5892	    0.5786	    0.5740	    0.5728	    0.5624	    0.5504	    0.5530	    0.5566	    0.5581	    0.5570	    0.5572	    0.5614	    0.5681	    0.5782	    0.5914	    0.6053	    0.6144	    0.6183	    0.6189	    0.6181	    0.6195	    0.6285	    0.6468	    0.18	    0.18	    0.18	    0.18	
87	-	  193.80	  193.80	  193.80	 0.48559	 0.50489	 0.42954	   76.37	   -0.34	   -1.63	    0.4102	    0.3485	    0.3723	    0.3972	    0.4533	    0.4962	    0.5159	    0.5251	    0.5341	    0.5381	    0.5383	    0.5372	    0.5345	    0.5263	    0.5156	    0.5112	    0.5107	    0.4997	    0.4870	    0.4896	    0.4939	    0.4956	    0.4945	    0.4948	    0.5000	    0.5079	    0.5195	    0.5348	    0.5512	    0.5619	    0.5662	    0.5664	    0.5646	    0.5658	    0.5777	    0.6008	    0.23	    0.23	    0.23	    0.23	
88	-	  183.60	  183.60	  183.60	 0.43402	 0.45106	 0.38734	   72.96	   -0.26	   -2.05	    0.6182	    0.4154	    0.3639	    0.3636	    0.4103	    0.4467	    0.4642	    0.4732	    0.4817	    0.4855	    0.4851	    0.4840	    0.4815	    0.4732	    0.4620	    0.4574	    0.4571	    0.4459	    0.4330	    0.4352	    0.4395	    0.4414	    0.4402	    0.4404	    0.4458	    0.4542	    0.4663	    0.4823	    0.4996	    0.5111	    0.5153	    0.5155	    0.5140	    0.5156	    0.5293	    0.5556	    0.28	    0.28	    0.28	    0.28	
89	-	  173.40	  173.40	  173.40	 0.37878	 0.39554	 0.34299	   69.15	   -0.84	   -2.45	    0.6748	    0.4457	    0.3401	    0.3191	    0.3580	    0.3921	    0.4096	    0.4189	    0.4274	    0.4315	    0.4316	    0.4307	    0.4281	    0.4200	    0.4087	    0.4042	    0.4034	    0.3918	    0.3785	    0.3799	    0.3834	    0.3843	    0.3821	    0.3814	    0.3859	    0.3935	    0.4045	    0.4196	    0.4357	    0.4462	    0.4495	    0.4490	    0.4468	    0.4481	    0.4624	    0.4893	    0.34	    0.34	    0.33	    0.33	
90	-	  163.20	  163.20	  163.20	 0.32345	 0.33718	 0.28633	   64.74	   -0.60	   -1.34	    0.4721	    0.3596	    0.2670	    0.2606	    0.2953	    0.3247	    0.3397	    0.3484	    0.3567	    0.3615	    0.3633	    0.3650	    0.3651	    0.3577	    0.3463	    0.3423	    0.3429	    0.3318	    0.3199	    0.3239	    0.3298	    0.3315	    0.3293	    0.3281	    0.3317	    0.3382	    0.3478	    0.3615	    0.3761	    0.3849	    0.3866	    0.3846	    0.3808	    0.3809	    0.3940	    0.4199	    0.41	    0.41	    0.41	    0.41	
91	-	  153.00	  153.00	  153.00	 0.27503	 0.28511	 0.24306	   60.35	    0.05	   -1.44	    0.5280	    0.2963	    0.2412	    0.2254	    0.2490	    0.2740	    0.2879	    0.2959	    0.3034	    0.3074	    0.3088	    0.3102	    0.3097	    0.3025	    0.2912	    0.2876	    0.2888	    0.2785	    0.2676	    0.2725	    0.2794	    0.2821	    0.2803	    0.2794	    0.2834	    0.2900	    0.2996	    0.3133	    0.3276	    0.3362	    0.3372	    0.3345	    0.3301	    0.3294	    0.3421	    0.3687	    0.48	    0.48	    0.48	    0.48	
92	-	  142.80	  142.80	  142.80	 0.23016	 0.23897	 0.20598	   55.98	   -0.12	   -1.82	    0.4206	    0.2787	    0.2004	    0.1904	    0.2109	    0.2315	    0.2432	    0.2504	    0.2572	    0.2611	    0.2627	    0.2641	    0.2638	    0.2568	    0.2457	    0.2423	    0.2432	    0.2330	    0.2224	    0.2265	    0.2327	    0.2349	    0.2331	    0.2321	    0.2359	    0.2424	    0.2519	    0.2653	    0.2797	    0.2883	    0.2897	    0.2870	    0.2828	    0.2825	    0.2958	    0.3229	    0.56	    0.55	    0.55	    0.55	
93	-	  132.60	  132.60	  132.60	 0.18567	 0.19256	 0.16781	   50.98	    0.00	   -2.12	    0.3334	    0.2151	    0.1693	    0.1553	    0.1700	    0.1870	    0.1973	    0.2043	    0.2101	    0.2135	    0.2148	    0.2158	    0.2155	    0.2090	    0.1985	    0.1951	    0.1961	    0.1866	    0.1771	    0.1812	    0.1875	    0.1896	    0.1878	    0.1865	    0.1897	    0.1954	    0.2039	    0.2163	    0.2296	    0.2374	    0.2384	    0.2357	    0.2314	    0.2311	    0.2440	    0.2706	    0.65	    0.65	    0.65	    0.64	
94	-	  122.40	  122.40	  122.40	 0.14484	 0.14989	 0.13137	   45.62	    0.19	   -2.15	    0.3840	    0.2063	    0.1379	    0.1196	    0.1319	    0.1459	    0.1540	    0.1594	    0.1646	    0.1678	    0.1689	    0.1696	    0.1695	    0.1637	    0.1544	    0.1517	    0.1527	    0.1445	    0.1362	    0.1401	    0.1459	    0.1480	    0.1463	    0.1451	    0.1479	    0.1529	    0.1603	    0.1711	    0.1828	    0.1897	    0.1901	    0.1873	    0.1829	    0.1826	    0.1944	    0.2187	    0.76	    0.76	    0.76	    0.74	
95	-	  112.20	  112.20	  112.20	 0.11549	 0.11938	 0.10341	   41.12	    0.27	   -1.60	    0.3392	    0.1585	    0.1124	    0.0956	    0.1026	    0.1128	    0.1205	    0.1252	    0.1298	    0.1327	    0.1337	    0.1348	    0.1350	    0.1303	    0.1226	    0.1204	    0.1216	    0.1149	    0.1080	    0.1114	    0.1163	    0.1181	    0.1168	    0.1158	    0.1183	    0.1227	    0.1291	    0.1387	    0.1489	    0.1549	    0.1552	    0.1525	    0.1487	    0.1486	    0.1594	    0.1815	    0.86	    0.85	    0.86	    0.85	
96	-	  102.00	  102.00	  102.00	 0.09008	 0.09344	 0.08045	   36.64	   -0.01	   -1.29	    0.2525	    0.0921	    0.0742	    0.0719	    0.0783	    0.0864	    0.0930	    0.0973	    0.1015	    0.1042	    0.1052	    0.1059	    0.1060	    0.1025	    0.0966	    0.0949	    0.0957	    0.0902	    0.0843	    0.0866	    0.0904	    0.0919	    0.0908	    0.0900	    0.0921	    0.0958	    0.1013	    0.1095	    0.1183	    0.1233	    0.1235	    0.1210	    0.1178	    0.1179	    0.1275	    0.1469	    0.96	    0.96	    0.96	    0.96	
97	-	   91.80	   91.80	   91.80	 0.07105	 0.07402	 0.06254	   32.71	   -0.32	   -0.66	    0.1435	    0.0827	    0.0536	    0.0516	    0.0595	    0.0663	    0.0718	    0.0757	    0.0791	    0.0815	    0.0824	    0.0832	    0.0836	    0.0810	    0.0770	    0.0759	    0.0764	    0.0720	    0.0670	    0.0682	    0.0711	    0.0723	    0.0715	    0.0709	    0.0726	    0.0758	    0.0806	    0.0874	    0.0947	    0.0990	    0.0990	    0.0971	    0.0945	    0.0947	    0.1031	    0.1199	    1.07	    1.07	    1.06	    1.07	
98	-	   81.60	   81.60	   81.60	 0.05178	 0.05475	 0.04600	   28.05	   -1.21	   -0.46	   -0.0161	    0.0730	    0.0299	    0.0360	    0.0439	    0.0483	    0.0521	    0.0554	    0.0581	    0.0604	    0.0615	    0.0622	    0.0627	    0.0611	    0.0584	    0.0577	    0.0577	    0.0540	    0.0497	    0.0498	    0.0514	    0.0520	    0.0513	    0.0510	    0.0524	    0.0549	    0.0587	    0.0642	    0.0701	    0.0736	    0.0735	    0.0718	    0.0697	    0.0699	    0.0769	    0.0911	    1.20	    1.21	    1.18	    1.20	
99	-	   71.40	   71.40	   71.40	 0.03864	 0.04100	 0.03386	   24.00	   -1.32	   -0.02	   -0.0996	   -0.0408	    0.0113	    0.0241	    0.0305	    0.0345	    0.0383	    0.0409	    0.0432	    0.0445	    0.0458	    0.0473	    0.0480	    0.0468	    0.0443	    0.0435	    0.0434	    0.0401	    0.0365	    0.0365	    0.0382	    0.0390	    0.0385	    0.0382	    0.0392	    0.0412	    0.0444	    0.0490	    0.0540	    0.0570	    0.0567	    0.0550	    0.0533	    0.0537	    0.0595	    0.0719	    1.32	    1.33	    1.31	    1.33	
100	-	   61.20	   61.20	   61.20	 0.03172	 0.03342	 0.02762	   21.37	   -0.85	   -0.03	    0.0303	    0.0053	    0.0180	    0.0228	    0.0251	    0.0285	    0.0311	    0.0331	    0.0347	    0.0361	    0.0371	    0.0386	    0.0397	    0.0384	    0.0359	    0.0353	    0.0352	    0.0323	    0.0291	    0.0294	    0.0312	    0.0322	    0.0318	    0.0315	    0.0324	    0.0342	    0.0369	    0.0409	    0.0453	    0.0479	    0.0478	    0.0464	    0.0447	    0.0449	    0.0502	    0.0614	    1.41	    1.42	    1.40	    1.42	
101	-	   51.00	   51.00	   51.00	 0.02564	 0.02718	 0.02264	   18.88	   -1.08	   -0.19	   -0.0297	    0.0222	    0.0183	    0.0207	    0.0213	    0.0234	    0.0254	    0.0271	    0.0285	    0.0292	    0.0303	    0.0318	    0.0328	    0.0318	    0.0296	    0.0290	    0.0288	    0.0262	    0.0235	    0.0238	    0.0252	    0.0260	    0.0256	    0.0253	    0.0260	    0.0274	    0.0296	    0.0331	    0.0368	    0.0390	    0.0389	    0.0376	    0.0360	    0.0362	    0.0409	    0.0505	    1.50	    1.51	    1.48	    1.50	
102	-	   40.80	   40.80	   40.80	 0.01906	 0.02035	 0.01704	   15.67	   -1.30	   -0.27	    0.0002	    0.0006	    0.0098	    0.0129	    0.0163	    0.0178	    0.0191	    0.0203	    0.0213	    0.0222	    0.0231	    0.0241	    0.0248	    0.0241	    0.0225	    0.0220	    0.0218	    0.0197	    0.0176	    0.0177	    0.0187	    0.0192	    0.0188	    0.0185	    0.0191	    0.0203	    0.0220	    0.0248	    0.0278	    0.0295	    0.0293	    0.0284	    0.0271	    0.0272	    0.0311	    0.0391	    1.63	    1.64	    1.61	    1.63	
103	-	   30.60	   30.60	   30.60	 0.01538	 0.01627	 0.01429	   13.40	   -0.84	   -1.06	    0.0835	    0.0126	    0.0173	    0.0163	    0.0136	    0.0149	    0.0161	    0.0169	    0.0179	    0.0186	    0.0189	    0.0195	    0.0199	    0.0192	    0.0178	    0.0174	    0.0173	    0.0157	    0.0141	    0.0142	    0.0150	    0.0153	    0.0151	    0.0148	    0.0153	    0.0162	    0.0177	    0.0200	    0.0225	    0.0239	    0.0239	    0.0230	    0.0219	    0.0221	    0.0255	    0.0326	    1.73	    1.74	    1.70	    1.70	
104	-	   20.40	   20.40	   20.40	 0.01009	 0.01082	 0.00893	    9.66	   -1.22	    0.00	   -0.1094	   -0.0573	   -0.0208	    0.0016	    0.0079	    0.0084	    0.0098	    0.0110	    0.0118	    0.0123	    0.0126	    0.0132	    0.0135	    0.0129	    0.0119	    0.0116	    0.0115	    0.0103	    0.0093	    0.0094	    0.0100	    0.0102	    0.0100	    0.0098	    0.0101	    0.0107	    0.0117	    0.0132	    0.0150	    0.0160	    0.0159	    0.0152	    0.0145	    0.0147	    0.0171	    0.0224	    1.90	    1.92	    1.88	    1.92	
105	-	   10.20	   10.20	   10.20	 0.00469	 0.00495	 0.00379	    4.47	   -0.33	    0.55	   -0.0197	   -0.0084	   -0.0071	    0.0018	    0.0040	    0.0040	    0.0045	    0.0046	    0.0047	    0.0049	    0.0051	    0.0052	    0.0054	    0.0053	    0.0051	    0.0052	    0.0052	    0.0049	    0.0045	    0.0046	    0.0048	    0.0048	    0.0047	    0.0046	    0.0047	    0.0050	    0.0054	    0.0061	    0.0068	    0.0072	    0.0072	    0.0069	    0.0068	    0.0069	    0.0082	    0.0108	    2.24	    2.25	    2.23	    2.29	
END_DATA
