CGATS.17

ORIGINATOR	i1Profiler - X-Rite, Inc.
INSTRUMENTATION	i1Pro ; Serial number 850763
DESCRIPTOR	차트 917 패치v
MEASUREMENT_SOURCE	"MeasurementCondition=M2	Filter=UVcut"
ILLUMINATION_NAME	D50
OBSERVER_ANGLE	2
WEIGHTING_FUNCTION	"ILLUMINANT,	D50"
WEIGHTING_FUNCTION	"OBSERVER,	2 degree"
KEYWORD	DEVCALSTD
DEVCALSTD	XRGA
CREATED2025-11-24 22:18:11

NUMBER_OF_FIELDS	49
BEGIN_DATA_FORMAT
SAMPLE_ID	SAMPLE_NAME	RGB_R	RGB_G	RGB_B	XYZ_X	XYZ_Y	XYZ_Z	LAB_L	LAB_A	LAB_B	LAB_C	LAB_H
END_DATA_FORMAT

NUMBER_OF_SETS	917
BEGIN_DATA
1	A1	0	0	0	0.04005	0.04013	0.03085	23.71	1.97	1.6	2.54	38.98
1	A2	0	127	127	0.08331	0.10904	0.15342	39.42	-17.83	-18.6	25.76	226.22
2	A3	0	255	255	0.18765	0.26219	0.42818	58.24	-30.27	-32.71	44.56	227.22
3	A4	0	63	63	0.06269	0.07263	0.07907	32.4	-7.55	-8.07	11.06	226.9
4	A5	0	191	191	0.11182	0.15319	0.2616	46.07	-23.7	-29.36	37.73	231.08
5	A6	30	63	30	0.07449	0.08085	0.05983	34.16	-3.26	3.08	4.48	136.55
6	A7	0	224	224	0.12144	0.17296	0.31219	48.63	-27.95	-33.22	43.41	229.92
7	A8	0	94	94	0.07157	0.09013	0.11267	36.01	-14.04	-13.32	19.35	223.48
8	A9	30	255	224	0.22746	0.32676	0.39208	63.9	-35.44	-18.31	39.89	207.32
9	A10	30	94	63	0.07365	0.08747	0.0776	35.49	-9.81	-2.17	10.05	192.46
10	A11	30	224	191	0.16406	0.22742	0.29935	54.81	-28.14	-20.56	34.85	216.16
11	A12	63	0	255	0.14571	0.1162	0.23842	40.61	22.33	-34.62	41.2	302.82
12	A13	30	127	94	0.08774	0.10892	0.11564	39.4	-13.89	-8.37	16.21	211.07
13	A14	94	0	224	0.16709	0.12007	0.19213	41.23	32.09	-24.37	40.3	322.78
14	A15	30	191	160	0.12732	0.16622	0.21268	47.78	-20.3	-17.31	26.68	220.46
15	A16	63	63	0	0.10988	0.11231	0.05617	39.97	1.18	14.84	14.88	85.47
16	A1	63	191	127	0.17184	0.20662	0.17765	52.58	-14.22	-1.63	14.31	186.54
17	A2	94	30	255	0.19744	0.15705	0.28147	46.59	24.94	-31.83	40.44	308.08
18	A3	0	160	160	0.09527	0.12823	0.19571	42.5	-20.98	-22.94	31.09	227.56
19	A4	127	0	191	0.17035	0.12179	0.1482	41.5	32.72	-13.7	35.47	337.28
20	A5	63	127	63	0.14611	0.15907	0.10581	46.85	-4.35	7.51	8.68	120.07
21	A6	63	255	191	0.30236	0.41735	0.38684	70.69	-33.96	-5.9	34.47	189.86
22	A7	63	94	30	0.11833	0.1281	0.069	42.48	-3.57	13.36	13.83	104.98
23	A8	63	224	160	0.24144	0.30985	0.28168	62.5	-23.19	-4.44	23.61	190.83
24	A9	94	94	0	0.14413	0.15302	0.05922	46.04	-2.08	23.86	23.95	94.97
25	A10	94	224	127	0.27047	0.34015	0.23663	64.97	-21.72	7.73	23.06	160.42
26	A11	127	30	224	0.2113	0.16433	0.2199	47.54	27.58	-19.15	33.58	325.22
27	A12	63	160	94	0.13974	0.16287	0.12101	47.35	-10.42	3.75	11.08	160.19
28	A13	191	0	127	0.2033	0.14127	0.11911	44.41	37.19	-0.75	37.2	358.84
29	A14	30	160	127	0.10385	0.13287	0.1551	43.19	-17.25	-12.51	21.31	215.94
30	A15	160	0	160	0.17335	0.12267	0.12666	41.64	33.76	-7.71	34.63	347.14
31	A16	94	127	30	0.15777	0.17164	0.07961	48.47	-4.4	19.42	19.91	102.75
32	A1	94	255	160	0.35111	0.47209	0.34095	74.32	-32.28	6.77	32.98	168.16
33	A2	127	63	255	0.28224	0.24069	0.39088	56.16	20.96	-31.49	37.83	303.65
34	A3	94	160	63	0.20472	0.22388	0.13389	54.44	-5.32	12.36	13.46	113.29
35	A4	160	30	191	0.20618	0.15986	0.16527	46.96	27.63	-8.47	28.9	342.96
36	A5	94	191	94	0.25062	0.28296	0.19597	60.16	-9.16	7.45	11.81	140.9
37	A6	160	63	224	0.28432	0.24884	0.29249	56.96	18.31	-15.74	24.14	319.31
38	A7	127	127	0	0.17289	0.18757	0.06224	50.4	-4.27	29.98	30.28	98.1
39	A8	127	255	127	0.45817	0.57104	0.3453	80.24	-24.65	16.34	29.57	146.47
40	A9	160	94	255	0.38275	0.34651	0.49794	65.48	16.28	-28.53	32.85	299.7
41	A10	127	160	30	0.1963	0.21836	0.09372	53.85	-6.95	23.58	24.58	106.42
42	A11	191	30	160	0.21231	0.16243	0.14013	47.29	29.12	-1.63	29.16	356.8
43	A12	127	224	94	0.35592	0.41729	0.24919	70.68	-14.96	15.27	21.38	134.41
44	A13	191	94	224	0.36607	0.34091	0.36638	65.03	12.76	-12.86	18.12	314.78
45	A14	160	160	0	0.20347	0.22191	0.0662	54.23	-5.03	34.83	35.19	98.23
46	B1	191	63	191	0.2511	0.21881	0.19573	53.9	18	-3.28	18.3	349.66
47	B2	127	191	63	0.24864	0.2816	0.15382	60.03	-9.48	16.84	19.33	119.37
48	B3	191	127	255	0.44809	0.42665	0.56684	71.33	10.88	-25.9	28.09	292.78
49	B4	160	191	30	0.24852	0.28279	0.10708	60.14	-9.99	30.02	31.64	108.4
50	B5	224	0	94	0.29063	0.18873	0.1324	50.54	48.44	6.04	48.81	7.11
51	B6	160	224	63	0.34864	0.41251	0.19868	70.35	-16	24.46	29.23	123.19
52	B7	224	30	127	0.30526	0.218	0.15508	53.81	39.85	5.81	40.27	8.3
53	B8	160	255	94	0.46912	0.58391	0.29149	80.96	-24.66	25.79	35.68	133.72
54	B9	191	191	0	0.25697	0.28211	0.07329	60.08	-6.16	41.94	42.39	98.36
55	B10	224	63	160	0.35153	0.28846	0.2084	60.65	26.82	5.73	27.43	12.06
56	B11	191	224	30	0.32324	0.3879	0.12559	68.6	-17.31	39.08	42.74	113.89
57	B12	224	94	191	0.41463	0.37501	0.2827	67.65	16.83	4.28	17.37	14.28
58	B13	191	255	63	0.45657	0.57444	0.22235	80.43	-25.93	37.08	45.25	124.96
59	B14	224	127	224	0.48293	0.44942	0.40799	72.85	14.08	-4.95	14.93	340.64
60	B15	224	224	0	0.37838	0.40441	0.08044	69.78	-3.69	55.86	55.98	93.78
61	B16	224	160	255	0.57102	0.54739	0.61392	78.89	10.87	-17.62	20.7	301.68
62	B1	224	255	30	0.50685	0.61508	0.14122	82.65	-21.69	59.05	62.91	110.17
63	B2	255	0	63	0.39093	0.23901	0.12536	55.99	59.77	17.4	62.25	16.23
64	B3	255	127	191	0.61873	0.54784	0.33625	78.92	22.14	15.38	26.96	34.78
65	B4	255	255	0	0.65617	0.68557	0.09516	86.28	-1.08	79	79.01	90.79
66	B5	255	30	94	0.43669	0.28925	0.15488	60.72	53.3	17.76	56.18	18.43
67	B6	255	160	224	0.66804	0.62028	0.4494	82.93	16.01	7.24	17.58	24.33
68	B7	94	79	79	0.13918	0.13785	0.10278	43.92	3.99	3.43	5.27	40.69
69	B8	255	191	255	0.72711	0.69501	0.63431	86.75	12.21	-6.05	13.63	333.64
70	B9	255	63	127	0.50959	0.38469	0.2159	68.36	40.61	17.54	44.24	23.36
71	B10	0	0	244	0.10417	0.09117	0.23041	36.21	13.1	-40.7	42.76	287.84
72	B11	206	0	0	0.193	0.13854	0.06842	44.02	33.76	16.28	37.48	25.74
73	B12	191	191	191	0.40479	0.42216	0.35262	71.02	-0.69	-0.61	0.92	221.21
74	B13	63	79	79	0.10807	0.11212	0.09487	39.94	-0.03	-0.81	0.81	267.68
75	B14	255	94	160	0.56764	0.46692	0.27553	73.99	31.15	16.41	35.21	27.78
76	B15	0	255	234	0.17227	0.25354	0.35994	57.42	-34.85	-25.09	42.95	215.75
77	B16	224	239	239	0.62958	0.67034	0.60967	85.52	-3.82	-5.77	6.92	236.49
78	B1	255	0	206	0.40088	0.24138	0.17223	56.23	61.86	5.89	62.14	5.44
79	B2	255	244	0	0.63928	0.64663	0.09351	84.31	3.62	76.17	76.25	87.28
80	B3	175	175	191	0.36224	0.37609	0.33075	67.73	-0.13	-3.1	3.1	267.6
81	B4	255	206	0	0.58828	0.54172	0.0869	78.56	16.48	68.59	70.54	76.49
82	B5	160	0	224	0.22118	0.15073	0.20244	45.73	39.98	-18.76	44.16	334.86
83	B6	175	175	160	0.34677	0.36111	0.28762	66.6	-0.49	1.67	1.74	106.22
84	B7	61	61	45	0.10391	0.10314	0.07323	38.4	3.45	4.59	5.74	53.07
85	B8	0	0	255	0.11369	0.0993	0.25244	37.72	13.64	-42.15	44.3	287.94
86	B9	255	255	48	0.67264	0.71881	0.16544	87.91	-4.45	62.1	62.26	94.1
87	B10	0	0	94	0.06053	0.0596	0.0718	29.31	3.41	-10.5	11.04	287.98
88	B11	206	255	0	0.38259	0.4945	0.094	75.73	-27.98	61.2	67.3	114.56
89	B12	127	255	30	0.33034	0.45357	0.15132	73.13	-34.3	40.04	52.73	130.59
90	B13	255	255	20	0.66333	0.70266	0.11656	87.13	-3.12	73.65	73.71	92.43
91	B14	0	0	160	0.07258	0.07012	0.11002	31.83	4.93	-19.7	20.31	284.05
92	C1	255	234	0	0.62348	0.61148	0.08958	82.46	7.98	74.35	74.78	83.88
93	C2	0	0	191	0.07706	0.07321	0.13065	32.53	6.2	-24.53	25.3	284.18
94	C3	234	255	0	0.53294	0.628	0.09516	83.34	-17.84	73.92	76.05	103.57
95	C4	0	0	224	0.09281	0.08484	0.18585	34.97	9.44	-33.8	35.1	285.6
96	C5	255	255	10	0.66281	0.69486	0.10147	86.74	-1.59	77.69	77.71	91.17
97	C6	0	30	63	0.0566	0.06079	0.06711	29.61	-2.28	-8.01	8.33	254.1
98	C7	244	255	0	0.63158	0.70466	0.09451	87.23	-10.71	80.85	81.55	97.54
99	C8	0	30	94	0.06048	0.06446	0.08388	30.51	-1.81	-13.15	13.27	262.14
100	C9	239	239	224	0.67914	0.71167	0.54332	87.57	-1.54	4.57	4.82	108.6
101	C10	0	30	127	0.06601	0.06954	0.10116	31.7	-1.06	-17.11	17.14	266.44
102	C11	221	221	206	0.54843	0.57535	0.4326	80.48	-1.59	5.08	5.32	107.38
103	C12	0	30	160	0.07255	0.0755	0.12574	33.03	-0.25	-22.29	22.29	269.36
104	C13	206	206	191	0.46041	0.48232	0.3755	74.97	-1.31	3.02	3.29	113.54
105	C14	0	30	191	0.0768	0.07846	0.14426	33.66	1.07	-26.21	26.23	272.34
106	C15	191	191	175	0.39191	0.41002	0.32315	70.18	-1.08	2.26	2.5	115.58
107	C16	0	30	224	0.0946	0.09225	0.20988	36.41	4.69	-36.35	36.65	277.35
108	C1	109	109	94	0.18235	0.18839	0.14171	50.5	0.37	3.48	3.5	83.95
109	C2	158	158	142	0.29094	0.30297	0.23851	61.91	-0.46	2.09	2.14	102.33
110	C3	0	30	255	0.10866	0.09799	0.26324	37.48	11	-44.45	45.79	283.9
111	C4	0	63	0	0.06201	0.07048	0.04806	31.92	-6.21	5.09	8.03	140.67
112	C5	255	48	255	0.53815	0.38873	0.37564	68.66	46.76	-7.89	47.42	350.43
113	C6	0	63	30	0.05326	0.06203	0.05121	29.92	-7.5	-0.01	7.5	180.08
114	C7	255	20	255	0.47278	0.3109	0.29019	62.58	55.55	-5.68	55.84	354.16
115	C8	0	63	94	0.06958	0.08273	0.10851	34.55	-9.7	-14.56	17.49	236.31
116	C9	255	0	234	0.41823	0.25362	0.22187	57.43	61.99	-2.49	62.04	357.7
117	C10	0	63	127	0.07438	0.0874	0.12963	35.48	-9.05	-19.16	21.19	244.73
118	C11	206	0	255	0.28504	0.19431	0.24926	51.19	43.48	-18.35	47.19	337.12
119	C12	0	63	160	0.08349	0.09563	0.15951	37.05	-7.45	-24.18	25.3	252.88
120	C13	234	0	255	0.37134	0.24024	0.25758	56.11	52.95	-11.34	54.15	347.91
121	C14	0	63	191	0.09182	0.10342	0.18768	38.45	-6.37	-28.2	28.91	257.27
122	C15	255	0	244	0.42795	0.26292	0.23696	58.31	61.08	-3.82	61.2	356.42
123	C16	0	63	224	0.11011	0.11667	0.26545	40.68	-1.73	-39.31	39.35	267.48
124	C1	45	45	30	0.07927	0.07956	0.05991	33.89	2.36	2.58	3.5	47.54
125	C2	0	63	255	0.12186	0.11976	0.32092	41.18	4.46	-47.4	47.61	275.38
126	C3	94	94	79	0.15959	0.16219	0.11886	47.26	1.85	4.23	4.62	66.35
127	C4	0	224	191	0.11885	0.1752	0.28594	48.91	-30.94	-28.56	42.11	222.71
128	C5	79	79	63	0.12896	0.12901	0.09043	42.61	3.05	5.35	6.16	60.28
129	C6	0	94	255	0.13523	0.14461	0.38193	44.89	-2.66	-49.73	49.8	266.93
130	C7	255	10	255	0.45461	0.29058	0.26991	60.83	57.98	-5.33	58.22	354.75
131	C8	0	94	0	0.07818	0.09506	0.05956	36.94	-11.78	8.01	14.24	145.81
132	C9	244	0	255	0.42297	0.26772	0.25775	58.76	57.66	-6.8	58.06	353.28
133	C10	0	94	30	0.06491	0.08176	0.0628	34.35	-13.61	2.05	13.76	171.44
134	C11	239	224	239	0.66548	0.67861	0.59532	85.94	2.48	-3.62	4.39	304.43
135	C12	0	94	63	0.06666	0.08436	0.08739	34.88	-14.08	-6.91	15.68	206.13
136	C13	221	206	221	0.53961	0.54899	0.47345	78.98	2.63	-2.42	3.58	317.33
137	C14	0	94	127	0.08513	0.10839	0.1555	39.31	-15.76	-19.3	24.92	230.77
138	D1	206	191	206	0.44227	0.45396	0.38658	73.15	1.33	-1.62	2.09	309.35
139	D2	0	94	160	0.09368	0.11579	0.19192	40.54	-13.85	-25.51	29.03	241.5
140	D3	191	175	191	0.3817	0.39202	0.33062	68.9	1.19	-1.07	1.6	318.21
141	D4	0	94	191	0.10272	0.12419	0.23199	41.88	-12.44	-31.23	33.62	248.29
142	D5	206	221	221	0.52427	0.55634	0.50613	79.41	-3.13	-5.44	6.27	240.05
143	D6	0	94	224	0.12347	0.14048	0.32499	44.3	-7.9	-42.63	43.36	259.49
144	D7	109	94	109	0.17065	0.17097	0.13639	48.38	3.22	1.24	3.45	21.15
145	D8	0	127	0	0.08148	0.10566	0.06172	38.84	-16.97	10.29	19.84	148.77
146	D9	255	0	191	0.39721	0.24049	0.16249	56.14	61.1	8.02	61.62	7.48
147	D10	0	127	30	0.07017	0.09392	0.06897	36.73	-18.53	3.47	18.85	169.41
148	D11	0	160	30	0.0748	0.10499	0.07198	38.72	-22.64	5.66	23.33	165.97
149	D12	0	160	0	0.09045	0.12077	0.06742	41.34	-19.96	12.08	23.33	148.83
150	D13	0	255	206	0.1627	0.24503	0.32052	56.59	-36.58	-20.77	42.07	209.59
151	D14	0	127	63	0.06868	0.09175	0.08836	36.32	-18.26	-4.77	18.87	194.63
152	D15	0	206	255	0.19233	0.24321	0.54721	56.41	-19.96	-49.56	53.43	248.06
153	D16	158	142	158	0.27891	0.28355	0.23613	60.21	2.19	-0.4	2.23	349.66
154	D1	48	255	255	0.30391	0.39939	0.55149	69.43	-27.94	-27.57	39.26	224.62
155	D2	0	127	94	0.0794	0.10523	0.12706	38.76	-18.52	-12.77	22.5	214.59
156	D3	0	234	255	0.20683	0.27446	0.52123	59.38	-25.63	-41.63	48.88	238.38
157	D4	0	160	63	0.07307	0.10241	0.09409	38.27	-22.34	-3.41	22.6	188.68
158	D5	20	255	255	0.22827	0.3148	0.47628	62.91	-30.82	-30.46	43.34	224.67
159	D6	0	191	0	0.09677	0.13657	0.07113	43.74	-25.12	14.65	29.08	149.76
160	D7	0	255	244	0.18202	0.26107	0.39114	58.14	-32.74	-28.11	43.15	220.66
161	D8	0	191	30	0.08154	0.11919	0.07949	41.09	-26.6	6.75	27.44	165.77
162	D9	94	79	94	0.14638	0.14359	0.11301	44.74	4.9	1.64	5.17	18.53
163	D10	0	191	224	0.13252	0.17584	0.38008	48.99	-22.09	-42.41	47.82	242.49
164	D11	79	63	79	0.11815	0.11265	0.0882	40.02	6.87	1.68	7.07	13.73
165	D12	0	191	255	0.16997	0.21223	0.52128	53.19	-17.9	-52.31	55.28	251.11
166	D13	61	45	61	0.08949	0.08403	0.06696	34.81	7.38	1.02	7.45	7.85
167	D14	0	127	255	0.14359	0.1597	0.42301	46.93	-6.25	-51.55	51.93	263.09
168	D15	45	30	45	0.0751	0.07127	0.05842	32.09	6.23	0.18	6.23	1.7
169	D16	0	160	191	0.1149	0.1543	0.27755	46.22	-22.13	-31.82	38.75	235.18
170	D1	191	206	206	0.43984	0.46358	0.39857	73.78	-2.07	-2.13	2.97	225.79
171	D2	0	127	160	0.10033	0.13075	0.2114	42.88	-18.61	-25.51	31.58	233.89
172	D3	255	94	63	0.48275	0.35927	0.13181	66.46	41.58	33.66	53.5	39
173	D4	0	127	191	0.11148	0.14253	0.25878	44.59	-17.59	-31.41	36	240.74
174	D5	206	206	221	0.49993	0.51556	0.48475	77.01	0.76	-7.13	7.17	276.05
175	D6	0	127	224	0.12921	0.15509	0.34718	46.32	-12.77	-42.41	44.29	253.24
176	D7	191	191	206	0.41993	0.43614	0.38712	71.97	-0.18	-3.73	3.73	267.18
177	D8	0	160	94	0.0832	0.11484	0.13283	40.38	-22.08	-11.58	24.94	207.68
178	D9	0	0	206	0.08256	0.07745	0.14655	33.45	7.25	-27.17	28.12	284.94
179	D10	0	191	63	0.07649	0.11276	0.09431	40.04	-26.71	-0.44	26.72	180.93
180	D11	0	244	255	0.19991	0.27176	0.47098	59.14	-27.93	-36.35	45.85	232.46
181	D12	0	224	0	0.11372	0.17836	0.0865	49.3	-36.25	18.28	40.6	153.24
182	D13	10	255	255	0.20836	0.2895	0.44841	60.74	-30.72	-30.9	43.57	225.16
183	D14	0	224	30	0.09045	0.14906	0.09378	45.5	-37.92	9.17	39.02	166.41
184	E1	175	191	191	0.37466	0.39449	0.34143	69.08	-1.85	-2.35	2.99	231.84
185	E2	0	224	63	0.08477	0.13836	0.10884	44	-36.28	1.64	36.32	177.41
186	E3	160	175	175	0.32965	0.34674	0.29918	65.49	-1.65	-2.1	2.67	231.91
187	E4	0	255	0	0.14191	0.23961	0.11001	56.05	-46.56	22.05	51.52	154.66
188	E5	142	158	158	0.27911	0.29313	0.25174	61.06	-1.39	-1.78	2.26	232.04
189	E6	0	255	30	0.1054	0.18504	0.11782	50.1	-45.86	9.44	46.82	168.37
190	E7	45	61	61	0.08007	0.08394	0.07645	34.79	-0.78	-2.93	3.03	255.01
191	E8	0	160	255	0.1504	0.17594	0.47034	49	-11.02	-53.75	54.87	258.41
192	E9	30	45	45	0.06728	0.06964	0.06243	31.72	0.14	-2.3	2.31	273.4
193	E10	0	160	224	0.13152	0.16525	0.36849	47.66	-17	-43.12	46.35	248.49
194	E11	45	45	61	0.0732	0.0727	0.06642	32.41	3.03	-2.88	4.18	316.47
195	E12	0	224	255	0.21341	0.27319	0.57678	59.27	-21.99	-47.72	52.54	245.26
196	E13	94	109	109	0.16556	0.17229	0.14188	48.55	-0.31	0.08	0.32	166.24
197	E14	0	255	224	0.16654	0.24852	0.33635	56.93	-35.91	-22.54	42.4	212.12
198	E15	79	94	94	0.13755	0.14241	0.11649	44.58	0.14	0.31	0.34	64.7
199	E16	30	224	224	0.17331	0.2354	0.3347	55.62	-26.55	-24.55	36.16	222.76
200	E1	48	0	255	0.12882	0.10575	0.23761	38.85	19.16	-37.49	42.11	297.07
201	E2	0	160	127	0.08902	0.12171	0.16628	41.49	-21.8	-18.14	28.36	219.76
202	E3	0	48	255	0.11487	0.10712	0.28981	39.09	8.57	-46.12	46.91	280.53
203	E4	0	191	94	0.08502	0.12259	0.1312	41.63	-25.84	-8.99	27.36	199.19
204	E5	0	0	232	0.09712	0.08697	0.20443	35.39	11.11	-37	38.63	286.72
205	E6	0	191	127	0.0962	0.13761	0.18576	43.89	-26.24	-18.41	32.05	215.05
206	E7	0	20	255	0.10939	0.09743	0.25801	37.38	11.98	-43.71	45.33	285.32
207	E8	0	224	94	0.09447	0.14966	0.14958	45.59	-34.96	-7	35.65	191.33
208	E9	20	0	255	0.11955	0.10362	0.25135	38.49	14.47	-40.63	43.13	289.6
209	E10	0	191	160	0.10182	0.14406	0.2182	44.81	-25.78	-23.52	34.9	222.38
210	E11	0	10	255	0.10963	0.09706	0.25074	37.31	12.45	-42.55	44.33	286.31
211	E12	0	224	127	0.10576	0.16355	0.21095	47.44	-34.09	-17.56	38.35	207.25
212	E13	10	0	255	0.11313	0.09818	0.24814	37.51	14.11	-41.72	44.05	288.69
213	E14	0	224	160	0.11126	0.16763	0.25091	47.96	-32.27	-24.21	40.34	216.88
214	E15	30	30	45	0.06695	0.06634	0.05909	30.96	3.1	-2.09	3.73	326.01
215	E16	0	255	63	0.09575	0.16711	0.12276	47.89	-43.86	4.19	44.06	174.55
216	E1	142	142	158	0.26567	0.27471	0.23649	59.41	0.32	-1.85	1.87	279.97
217	E2	0	255	94	0.10113	0.1742	0.14531	48.78	-43.45	-0.4	43.45	180.53
218	E3	63	63	79	0.10499	0.10333	0.09131	38.43	4.14	-2.17	4.67	332.36
219	E4	0	255	127	0.12234	0.19967	0.20379	51.8	-40.99	-8.58	41.88	191.83
220	E5	224	239	224	0.64636	0.68952	0.54919	86.48	-4.13	2.07	4.62	153.34
221	E6	0	255	160	0.14533	0.22769	0.26173	54.83	-39.23	-14.27	41.74	199.98
222	E7	206	221	206	0.51792	0.5536	0.43816	79.25	-4.11	2.27	4.69	151.09
223	E8	0	255	191	0.16474	0.24882	0.31246	56.96	-37.04	-18.9	41.58	207.03
224	E9	0	206	0	0.10659	0.15316	0.07615	46.06	-27.55	16.63	32.18	148.88
225	E10	30	0	63	0.06189	0.05654	0.0548	28.52	8.28	-4.23	9.3	332.97
226	E11	160	160	175	0.31736	0.3279	0.2852	63.99	0.43	-2.44	2.48	280.08
227	E12	30	0	94	0.06909	0.06213	0.06921	29.94	9.65	-8.33	12.75	319.18
228	E13	0	255	48	0.10042	0.17579	0.12353	48.98	-44.85	5.84	45.23	172.58
229	E14	30	0	127	0.07223	0.06506	0.08266	30.66	9.67	-12.44	15.76	307.86
230	F1	48	255	0	0.19658	0.31156	0.10552	62.64	-44.68	34.83	56.65	142.07
231	F2	30	0	160	0.07945	0.07076	0.10525	31.98	10.76	-17.95	20.93	300.94
232	F3	0	255	20	0.11458	0.19938	0.11652	51.77	-46.28	12.69	47.99	164.66
233	F4	30	0	191	0.0876	0.07665	0.12835	33.28	12.38	-22.6	25.77	298.72
234	F5	94	94	109	0.16204	0.16398	0.13698	47.49	2.25	-0.45	2.29	348.78
235	F6	30	224	0	0.16302	0.23381	0.08089	55.46	-31.55	31	44.23	135.51
236	F7	191	206	191	0.43693	0.4632	0.37731	73.75	-2.82	0.67	2.9	166.67
237	F8	30	0	224	0.0998	0.08428	0.17655	34.86	15.54	-31.93	35.51	295.95
238	F9	0	232	0	0.11898	0.19029	0.09008	50.72	-38.66	19.45	43.28	153.29
239	F10	30	0	255	0.1193	0.10125	0.24373	38.07	16.11	-39.98	43.1	291.94
240	F11	20	255	0	0.16451	0.26819	0.10388	58.81	-45.12	28.74	53.5	147.5
241	F12	30	30	63	0.06545	0.06485	0.06349	30.61	3.07	-4.71	5.62	303.1
242	F13	0	255	10	0.12293	0.2129	0.11083	53.27	-46.91	17	49.89	160.08
243	F14	30	30	94	0.06606	0.06533	0.0736	30.72	3.21	-8.81	9.38	290.05
244	F15	0	244	0	0.12751	0.21053	0.09818	53.01	-42.71	20.61	47.42	154.24
245	F16	30	30	127	0.07111	0.06985	0.08906	31.77	3.76	-12.86	13.4	286.32
246	F1	10	255	0	0.15559	0.25944	0.10692	57.98	-46.68	26.35	53.61	150.55
247	F2	30	30	160	0.08075	0.07837	0.11301	33.64	4.79	-17.5	18.15	285.3
248	F3	175	191	175	0.37797	0.39919	0.32437	69.41	-2.22	0.76	2.35	161.24
249	F4	30	30	191	0.09	0.08598	0.13428	35.2	6.12	-20.91	21.79	286.32
250	F5	160	175	160	0.3286	0.34519	0.28249	65.37	-1.5	0.39	1.55	165.44
251	F6	30	30	224	0.10896	0.10074	0.19188	37.98	9.08	-29.92	31.27	286.88
252	F7	79	79	94	0.13452	0.13351	0.10999	43.29	3.78	0.06	3.78	0.84
253	F8	30	191	224	0.18228	0.23151	0.40147	55.23	-20.05	-34.49	39.9	239.83
254	F9	63	79	63	0.11658	0.11856	0.08737	40.99	1.61	3.64	3.98	66.16
255	F10	30	30	255	0.12809	0.11287	0.26883	40.06	13.49	-40.96	43.12	288.23
256	F11	142	158	142	0.28454	0.29607	0.23539	61.31	-0.36	1.64	1.68	102.44
257	F12	30	63	0	0.07978	0.08697	0.05052	35.39	-3.64	9.78	10.44	110.43
258	F13	255	0	48	0.38761	0.23848	0.11831	55.94	58.95	19.35	62.04	18.17
259	F14	30	63	63	0.06965	0.07665	0.07319	33.27	-4.16	-4.24	5.94	225.52
260	F15	255	48	0	0.39878	0.26228	0.07167	58.25	52.47	39.45	65.65	36.94
261	F16	30	63	94	0.07382	0.08223	0.09315	34.44	-5.12	-9.69	10.96	242.13
262	F1	255	0	20	0.3897	0.24161	0.09751	56.25	58.26	26.43	63.97	24.4
263	F2	30	63	127	0.08331	0.09141	0.11613	36.25	-4.19	-13.94	14.55	253.28
264	F3	255	20	0	0.3992	0.25636	0.07695	57.69	55.03	36.36	65.95	33.45
265	F4	30	63	160	0.09376	0.10136	0.14313	38.08	-3.21	-18.29	18.57	260.06
266	F5	232	0	0	0.27761	0.18536	0.07957	50.14	45.07	22.32	50.3	26.35
267	F6	30	63	191	0.10062	0.10672	0.16514	39.02	-1.77	-22.12	22.19	265.43
268	F7	255	0	10	0.3892	0.24328	0.0908	56.42	57.38	29.02	64.3	26.82
269	F8	30	63	224	0.11986	0.12206	0.23611	41.54	1.51	-32.58	32.61	272.66
270	F9	255	255	63	0.68639	0.73495	0.20269	88.68	-4.77	55.24	55.44	94.94
271	F10	30	224	255	0.26978	0.34091	0.61013	65.03	-22.26	-41.13	46.77	241.58
272	F11	79	94	79	0.14667	0.15102	0.1133	45.77	0.64	3.33	3.39	79.11
273	F12	30	255	191	0.22052	0.32269	0.34575	63.56	-37.18	-12.48	39.22	198.55
274	F13	45	61	45	0.08574	0.08936	0.06888	35.86	-0.37	2.01	2.04	100.34
275	F14	30	63	255	0.13508	0.12865	0.31605	42.56	7.27	-44.28	44.87	279.33
276	G1	30	45	30	0.06975	0.07256	0.05706	32.38	-0.22	1.33	1.35	99.25
277	G2	30	94	224	0.13048	0.14474	0.28549	44.91	-5.82	-35.39	35.87	260.65
278	G3	255	10	0	0.39237	0.2474	0.07547	56.82	56.63	35.45	66.81	32.04
279	G4	30	94	0	0.09582	0.11185	0.05758	39.89	-9.31	14.03	16.84	123.58
280	G5	244	0	0	0.33864	0.21754	0.08073	53.77	52.06	28.13	59.17	28.38
281	G6	30	94	30	0.08581	0.09966	0.06658	37.78	-8.59	6.31	10.65	143.71
282	G7	239	224	224	0.66602	0.6822	0.54518	86.12	1.83	1.87	2.62	45.71
283	G8	30	94	94	0.08103	0.096	0.1069	37.12	-9.94	-9.62	13.83	224.05
284	G9	221	206	206	0.53005	0.54214	0.42809	78.59	1.89	2.38	3.04	51.52
285	G10	30	94	127	0.09022	0.10762	0.1368	39.18	-10.84	-14.73	18.29	233.66
286	G11	224	224	224	0.59267	0.61851	0.52317	82.83	-0.89	-1.41	1.66	237.86
287	G12	30	94	160	0.0997	0.11749	0.16563	40.81	-10.21	-19.14	21.7	241.91
288	G13	158	142	142	0.269	0.27637	0.22121	59.56	1.02	1.32	1.67	52.12
289	G14	30	94	255	0.1448	0.14838	0.3769	45.41	1.06	-48.14	48.15	271.26
290	G15	79	63	63	0.11173	0.10773	0.07954	39.2	5.85	3.47	6.8	30.65
291	G16	30	127	255	0.15811	0.16994	0.41937	48.25	-3.28	-48.82	48.93	266.16
292	G1	61	45	45	0.0917	0.08733	0.06469	35.46	6.4	3.14	7.13	26.11
293	G2	30	160	160	0.1101	0.13947	0.18329	44.16	-16.72	-17.4	24.14	226.14
294	G3	45	30	30	0.07304	0.07007	0.05354	31.82	5.42	2.09	5.81	21.08
295	G4	30	127	224	0.14691	0.17083	0.33041	48.36	-10.38	-36.44	37.89	254.1
296	G5	0	0	48	0.0523	0.05136	0.04974	27.12	3.42	-4.08	5.32	309.95
297	G6	30	127	160	0.10888	0.13457	0.18654	43.44	-14.55	-19.34	24.21	233.04
298	G7	48	0	0	0.06007	0.05531	0.04029	28.2	7.7	3.1	8.3	21.95
299	G8	30	94	191	0.10853	0.12564	0.19445	42.1	-9.01	-23.36	25.04	248.92
300	G9	0	48	0	0.05432	0.05956	0.04145	29.3	-3.59	4.31	5.61	129.77
301	G10	30	127	191	0.12006	0.14675	0.23	45.19	-14.06	-25.15	28.81	240.79
302	G11	255	255	224	0.74977	0.79661	0.51019	91.53	-3.72	15.02	15.47	103.91
303	G12	30	127	0	0.10585	0.12853	0.0583	42.54	-12.93	18.25	22.37	125.3
304	G13	206	191	191	0.42872	0.44138	0.35391	72.32	0.93	1.45	1.72	57.32
305	G14	30	127	30	0.10024	0.12052	0.07147	41.3	-11.87	10.3	15.72	139.06
306	G15	109	94	94	0.16341	0.16501	0.12565	47.63	2.45	2.9	3.8	49.84
307	G16	30	255	255	0.24402	0.33246	0.4848	64.36	-30.11	-28.95	41.77	223.88
308	G1	94	94	94	0.16175	0.16522	0.13166	47.65	1.4	1.27	1.89	42.26
309	G2	63	224	224	0.28358	0.34816	0.40115	65.61	-19.24	-16.56	25.38	220.72
310	G3	79	79	79	0.13497	0.13488	0.10677	43.49	3.19	1.41	3.49	23.86
311	G4	30	191	191	0.14076	0.18259	0.25583	49.81	-20.39	-21.9	29.92	227.04
312	G5	63	63	63	0.10153	0.10044	0.0812	37.92	3.69	0.64	3.74	9.78
313	G6	30	160	255	0.19046	0.21859	0.49581	53.88	-10.01	-48.29	49.31	258.29
314	G7	45	45	45	0.08522	0.08488	0.07118	34.98	2.98	-0.48	3.02	350.94
315	G8	30	160	191	0.13832	0.17601	0.26575	49.01	-18.47	-25	31.08	233.55
316	G9	255	255	191	0.73528	0.79126	0.40087	91.29	-5.66	27.76	28.34	101.52
317	G10	30	127	63	0.08097	0.10239	0.08335	38.27	-14.96	0.43	14.97	178.37
318	G11	191	175	175	0.37968	0.39105	0.31478	68.83	0.84	1.21	1.47	55.05
319	G12	30	160	0	0.128	0.15859	0.06416	46.79	-15.57	22.89	27.69	124.23
320	G13	175	160	160	0.32883	0.33665	0.27004	64.7	1.5	1.31	1.99	41.02
321	G14	30	160	30	0.1254	0.15196	0.0835	45.9	-13.5	13.53	19.11	134.93
322	H1	206	206	206	0.47908	0.49998	0.41958	76.07	-0.83	-0.89	1.22	227.17
323	H2	30	160	63	0.08574	0.11354	0.08447	40.17	-18.94	3.29	19.22	170.15
324	H3	94	109	94	0.17872	0.18424	0.14172	50.01	0.57	2.63	2.7	77.74
325	H4	30	127	127	0.09719	0.11916	0.14555	41.08	-13.35	-13.74	19.16	225.84
326	H5	255	255	160	0.72492	0.78268	0.35364	90.9	-6.14	33.53	34.08	100.37
327	H6	30	160	94	0.09595	0.12407	0.123	41.86	-17.68	-6.29	18.77	199.58
328	H7	255	255	127	0.71432	0.76883	0.30994	90.27	-5.63	38.92	39.33	98.23
329	H8	30	160	224	0.16267	0.19754	0.37255	51.56	-14.92	-36.95	39.85	248.01
330	H9	255	255	94	0.7016	0.7537	0.26566	89.57	-5.31	44.94	45.25	96.73
331	H10	30	191	0	0.13982	0.18098	0.06783	49.61	-20.13	26.17	33.02	127.57
332	H11	175	175	175	0.3502	0.36443	0.30402	66.86	-0.4	-0.52	0.66	232.09
333	H12	30	191	30	0.1475	0.18436	0.09541	50.02	-17.16	16.39	23.73	136.31
334	H13	160	160	160	0.3027	0.31364	0.26501	62.81	0.11	-1.08	1.08	275.68
335	H14	30	224	30	0.18537	0.25428	0.12362	57.49	-28.19	20.49	34.85	143.99
336	H15	255	255	30	0.65118	0.69147	0.13148	86.58	-3.46	68.43	68.52	92.9
337	H16	30	191	63	0.09736	0.13293	0.09136	43.2	-22.35	6.04	23.15	164.88
338	H1	255	224	255	0.76143	0.75688	0.67654	89.71	6.49	-4.92	8.14	322.84
339	H2	30	191	94	0.09999	0.13649	0.12507	43.73	-22.53	-3.66	22.82	189.23
340	H3	255	224	224	0.73233	0.73606	0.53602	88.74	4.74	7.37	8.77	57.24
341	H4	30	191	127	0.11599	0.15516	0.179	46.33	-21.85	-12.7	25.27	210.17
342	H5	255	224	63	0.64101	0.63201	0.18599	83.55	7.29	49.92	50.45	81.69
343	H6	30	191	255	0.21792	0.262	0.54958	58.23	-15.38	-46.68	49.15	251.77
344	H7	255	224	191	0.69201	0.69373	0.38543	86.69	5.04	21.87	22.45	77.03
345	H8	30	224	63	0.13008	0.19114	0.12249	50.82	-31.58	9.31	32.92	163.57
346	H9	255	224	160	0.68435	0.68815	0.34253	86.41	4.57	27.38	27.76	80.52
347	H10	30	224	94	0.11303	0.17087	0.14216	48.37	-32.74	-0.3	32.75	180.53
348	H11	255	224	127	0.66754	0.66912	0.29764	85.46	5	32.56	32.95	81.28
349	H12	30	224	127	0.13694	0.20101	0.21193	51.95	-32.02	-9.97	33.54	197.29
350	H13	255	224	94	0.65164	0.65071	0.2475	84.52	5.5	39.44	39.82	82.05
351	H14	30	224	160	0.1554	0.21999	0.26365	54.03	-29.74	-15.99	33.77	208.27
352	H15	255	224	30	0.59774	0.58151	0.12291	80.82	8.99	60.92	61.58	81.6
353	H16	30	255	0	0.1768	0.28518	0.10493	60.35	-45.06	31.07	54.73	145.41
354	H1	255	224	0	0.61302	0.58663	0.08867	81.11	11.37	72.34	73.23	81.06
355	H2	30	255	30	0.21424	0.33346	0.16465	64.44	-43.88	21.82	49.01	153.56
356	H3	255	191	224	0.70241	0.67613	0.50074	85.81	11.05	6.22	12.67	29.37
357	H4	30	255	63	0.16559	0.26989	0.15545	58.96	-45.2	14.6	47.49	162.1
358	H5	255	191	191	0.674	0.65013	0.38905	84.49	10.59	17.6	20.54	58.95
359	H6	30	255	94	0.12618	0.21375	0.15118	53.36	-45.1	5.99	45.5	172.43
360	H7	255	191	63	0.60646	0.56089	0.17907	79.66	16.05	44.75	47.54	70.27
361	H8	30	255	127	0.17335	0.27255	0.22963	59.21	-41.98	-0.9	41.99	181.23
362	H9	255	191	160	0.64872	0.61418	0.32258	82.6	13.11	23.77	27.14	61.12
363	H10	30	255	160	0.20277	0.30633	0.2912	62.2	-39.72	-6.51	40.25	189.31
364	H11	249	249	249	0.74758	0.77486	0.66956	90.54	0.09	-2.84	2.84	271.84
365	H12	63	0	0	0.07751	0.06813	0.0471	31.38	11.58	4.68	12.49	22
366	H13	255	191	94	0.61709	0.577	0.23515	80.57	14.63	34.89	37.84	67.26
367	H14	63	0	30	0.07448	0.06374	0.04921	30.34	13.21	1.75	13.33	7.55
368	I1	255	191	30	0.58993	0.53673	0.12058	78.27	18.13	57.19	60	72.41
369	I2	63	0	63	0.07386	0.06263	0.05396	30.07	13.79	-1.15	13.84	355.24
370	I3	255	191	0	0.57437	0.51378	0.08183	76.91	20.24	67.61	70.58	73.33
371	I4	63	0	94	0.08651	0.07067	0.07068	31.96	17.12	-5.47	17.97	342.27
372	I5	255	160	255	0.71625	0.66448	0.61924	85.22	16.51	-7.22	18.02	336.39
373	I6	63	0	127	0.09669	0.07759	0.08835	33.48	19.04	-9.67	21.35	333.08
374	I7	255	160	191	0.6546	0.60706	0.37718	82.22	16.08	15.29	22.19	43.55
375	I8	63	0	160	0.10405	0.08251	0.10662	34.5	20.37	-14.04	24.74	325.43
376	I9	255	160	160	0.64221	0.59339	0.33198	81.48	16.49	20.42	26.25	51.08
377	I10	63	0	191	0.11045	0.08682	0.12548	35.37	21.43	-18.19	28.11	319.67
378	I11	255	160	63	0.56674	0.49068	0.16129	75.49	24.46	41.68	48.33	59.59
379	I12	63	0	224	0.12653	0.09695	0.17896	37.29	24.39	-28.28	37.35	310.77
380	I13	255	160	127	0.59788	0.52939	0.2562	77.84	21.89	26.37	34.27	50.3
381	I14	255	244	244	0.75955	0.77948	0.63759	90.76	1.62	0.54	1.7	18.49
382	I15	255	160	94	0.57313	0.50424	0.21428	76.33	22.43	31.59	38.74	54.62
383	I16	63	30	30	0.08352	0.0766	0.05484	33.27	8.88	3.93	9.71	23.86
384	I1	255	160	30	0.55267	0.46984	0.11058	74.18	26.63	53.14	59.44	63.38
385	I2	63	30	63	0.08316	0.07494	0.06213	32.91	10.11	-0.13	10.11	359.26
386	I3	255	160	0	0.54137	0.45477	0.07863	73.2	27.98	62.45	68.43	65.86
387	I4	63	30	94	0.09057	0.08017	0.07783	34.02	11.69	-4.8	12.63	337.69
388	I5	255	127	255	0.68768	0.61397	0.57933	82.59	21.76	-7.77	23.1	340.36
389	I6	63	30	127	0.09821	0.08643	0.09382	35.29	12.44	-8.46	15.05	325.78
390	I7	255	127	224	0.64207	0.57186	0.40531	80.28	21.6	8.21	23.11	20.8
391	I8	63	30	160	0.10782	0.09422	0.11564	36.79	13.36	-12.87	18.55	316.06
392	I9	255	127	160	0.61479	0.54175	0.31459	78.56	22.75	18.02	29.02	38.39
393	I10	63	30	191	0.11343	0.0987	0.13447	37.61	13.92	-16.81	21.83	309.63
394	I11	255	127	127	0.59665	0.522	0.27613	77.4	23.49	22.18	32.31	43.37
395	I12	63	30	224	0.13531	0.11488	0.19547	40.39	16.76	-26.52	31.37	302.29
396	I13	255	127	94	0.54276	0.44478	0.19488	72.55	31.17	29.04	42.61	42.98
397	I14	63	30	255	0.15625	0.13073	0.26858	42.87	18.83	-36.07	40.69	297.57
398	I15	247	247	232	0.70582	0.73902	0.5569	88.88	-1.43	5.39	5.58	104.88
399	I16	63	63	30	0.09843	0.09928	0.06183	37.71	2.16	8.29	8.57	75.43
400	I1	255	127	30	0.51941	0.41651	0.10155	70.63	33.43	49.88	60.05	56.17
401	I2	63	63	63	0.10306	0.10204	0.08222	38.21	3.64	0.74	3.71	11.48
402	I3	255	127	0	0.51283	0.41051	0.07689	70.21	33.5	57.97	66.96	59.97
403	I4	63	63	94	0.10932	0.10738	0.10138	39.14	4.34	-4.36	6.15	314.84
404	I5	255	94	255	0.653	0.55303	0.53392	79.22	28.67	-8.82	30	342.91
405	I6	63	63	127	0.11114	0.10977	0.11327	39.54	3.93	-7.41	8.38	297.94
406	I7	255	94	224	0.6025	0.50459	0.36088	76.35	29.4	7.42	30.32	14.16
407	I8	63	63	160	0.12168	0.11909	0.13766	41.07	4.8	-11.7	12.64	292.3
408	I9	255	94	191	0.58247	0.48423	0.30478	75.09	30.04	13.56	32.95	24.3
409	I10	63	63	191	0.12666	0.12311	0.15855	41.71	5.43	-15.91	16.81	288.85
410	I11	255	94	127	0.56043	0.46044	0.25741	73.57	31.17	18.8	36.4	31.09
411	I12	63	63	224	0.15484	0.14654	0.23314	45.16	8.17	-25.79	27.05	287.57
412	I13	255	94	94	0.54605	0.4459	0.21895	72.62	31.68	24.28	39.92	37.46
413	I14	63	63	255	0.17513	0.15835	0.33137	46.76	12.66	-39.35	41.34	287.83
414	J1	224	224	239	0.61566	0.63862	0.61028	83.89	-0.02	-8.63	8.63	269.84
415	J2	255	244	255	0.781	0.7952	0.70267	91.47	2.85	-4.27	5.14	303.72
416	J3	255	94	30	0.46086	0.3324	0.0839	64.35	44.57	45.2	63.48	45.4
417	J4	63	94	63	0.12127	0.12886	0.09262	42.59	-2.04	4.54	4.98	114.15
418	J5	255	94	0	0.45092	0.32357	0.06598	63.64	44.84	51.14	68.02	48.76
419	J6	63	94	94	0.12089	0.12941	0.11629	42.67	-2.66	-2.92	3.94	227.66
420	J7	255	63	255	0.57782	0.43995	0.42758	72.23	41.26	-8.52	42.13	348.33
421	J8	63	94	127	0.12787	0.13707	0.13842	43.81	-2.82	-7.18	7.72	248.53
422	J9	255	63	224	0.54567	0.41923	0.31118	70.82	39.36	5.19	39.7	7.52
423	J10	63	94	160	0.13316	0.14132	0.15924	44.42	-1.99	-11.4	11.57	260.08
424	J11	255	63	191	0.52213	0.39852	0.25149	69.36	39.59	12.59	41.55	17.64
425	J12	63	94	191	0.14388	0.15078	0.18601	45.74	-0.92	-15.27	15.3	266.55
426	J13	255	63	160	0.51368	0.39001	0.23284	68.75	40.02	14.95	42.72	20.48
427	J14	63	94	224	0.17447	0.17839	0.27831	49.3	1.34	-26.63	26.66	272.88
428	J15	255	63	94	0.49814	0.37736	0.19366	67.83	39.89	21.16	45.15	27.95
429	J16	63	94	255	0.20228	0.19346	0.39617	51.09	7.91	-40.93	41.69	280.94
430	J1	255	63	63	0.49317	0.36661	0.16639	67.02	42.01	25.86	49.33	31.62
431	J2	63	127	0	0.13263	0.1531	0.06041	46.06	-9.38	23.33	25.15	111.91
432	J3	255	63	30	0.42071	0.28098	0.08129	59.98	51.75	38.62	64.57	36.74
433	J4	63	127	30	0.14122	0.15771	0.07805	46.67	-6.58	16.93	18.17	111.24
434	J5	255	63	0	0.41504	0.2756	0.07017	59.49	52.14	42.21	67.08	38.99
435	J6	63	127	94	0.1297	0.14542	0.12023	45	-6.75	-0.07	6.75	180.56
436	J7	255	30	255	0.49571	0.33522	0.31755	64.58	53.21	-6.54	53.61	353
437	J8	63	127	127	0.14294	0.15776	0.14911	46.68	-5.54	-5	7.47	222.06
438	J9	255	30	224	0.46821	0.31436	0.24274	62.87	53.03	2.98	53.11	3.21
439	J10	63	127	160	0.1556	0.17226	0.18715	48.54	-5.99	-10.68	12.25	240.73
440	J11	255	30	191	0.44812	0.29818	0.19753	61.5	53.26	9.43	54.09	10.05
441	J12	63	127	191	0.16966	0.18543	0.22321	50.15	-4.94	-15.3	16.07	252.09
442	J13	255	30	160	0.44156	0.29405	0.18068	61.14	52.91	12.45	54.35	13.24
443	J14	63	127	224	0.20404	0.21708	0.32794	53.72	-2.54	-26.84	26.96	264.59
444	J15	255	30	127	0.43448	0.28951	0.16829	60.74	52.56	14.59	54.54	15.51
445	J16	63	127	255	0.23334	0.23399	0.44955	55.48	3.48	-40.1	40.25	274.95
446	J1	255	30	63	0.4372	0.29121	0.14472	60.89	52.71	20.62	56.6	21.36
447	J2	63	160	0	0.15178	0.18049	0.06407	49.56	-12.6	27.7	30.44	114.46
448	J3	244	244	255	0.71893	0.74295	0.69259	89.06	0.54	-7.51	7.53	274.1
449	J4	63	160	30	0.16982	0.1936	0.09095	51.11	-8.98	19.81	21.75	114.39
450	J5	255	30	0	0.40303	0.26152	0.0753	58.18	54.1	37.86	66.03	34.98
451	J6	63	160	63	0.17788	0.19859	0.1245	51.68	-7.08	10.21	12.43	124.73
452	J7	255	0	255	0.4436	0.27676	0.25501	59.59	60.15	-4.88	60.35	355.36
453	J8	63	160	127	0.16162	0.18512	0.16786	50.11	-9.28	-3.64	9.97	201.41
454	J9	255	0	224	0.41096	0.24771	0.20402	56.85	62.26	0.08	62.26	0.08
455	J10	63	160	160	0.17336	0.19624	0.19681	51.41	-8.36	-7.81	11.44	223.04
456	J11	175	160	175	0.33542	0.34191	0.28749	65.11	2.02	-0.88	2.2	336.55
457	J12	63	160	191	0.2084	0.23494	0.26589	55.58	-8.46	-13.7	16.1	238.3
458	J13	255	0	160	0.39278	0.23877	0.15204	55.96	60.45	10.27	61.32	9.64
459	J14	63	160	224	0.23868	0.26307	0.37617	58.33	-6.43	-25.77	26.56	255.99
460	K1	255	0	127	0.39663	0.24045	0.14108	56.13	60.94	13.37	62.39	12.37
461	K2	63	160	255	0.2757	0.29428	0.53593	61.16	-3.18	-40.17	40.29	265.48
462	K3	255	0	94	0.39429	0.23914	0.13234	56	60.77	15.48	62.71	14.29
463	K4	63	191	0	0.16867	0.21038	0.06865	52.99	-17.74	31.64	36.27	119.28
464	K5	255	0	30	0.38866	0.23871	0.10188	55.96	59.18	24.48	64.04	22.47
465	K6	63	191	30	0.18333	0.22071	0.09973	54.1	-14.66	21.99	26.42	123.69
466	K7	255	0	0	0.38888	0.24283	0.08027	56.37	57.48	32.8	66.18	29.71
467	K8	63	191	63	0.19589	0.23106	0.14137	55.18	-12.89	11.65	17.37	137.89
468	K9	224	255	63	0.55455	0.65853	0.21431	84.92	-19.2	46.4	50.22	112.48
469	K10	63	191	191	0.2049	0.23992	0.26236	56.08	-12.32	-12.23	17.36	224.78
470	K11	224	255	0	0.47228	0.57644	0.09327	80.54	-21.99	69.75	73.13	107.5
471	K12	63	191	160	0.18939	0.22429	0.22203	54.48	-13.14	-7.6	15.18	210.04
472	K13	224	224	30	0.41575	0.44636	0.12607	72.65	-4.38	45.93	46.14	95.45
473	K14	63	191	224	0.27083	0.3132	0.43313	62.78	-12.11	-25.51	28.23	244.61
474	K15	224	255	94	0.56956	0.66521	0.2713	85.26	-16.95	36.55	40.29	114.87
475	K16	63	191	255	0.30114	0.33887	0.56701	64.87	-9.35	-37.05	38.21	255.83
476	K1	224	255	127	0.60044	0.69376	0.33118	86.69	-15.65	29.53	33.42	117.93
477	K2	63	224	0	0.19772	0.27239	0.08088	59.19	-29.27	37.44	47.52	128.02
478	K3	224	255	255	0.66038	0.72088	0.68709	88.01	-7.59	-8.83	11.64	229.31
479	K4	63	191	94	0.1583	0.19298	0.13404	51.03	-15.16	6.45	16.47	156.95
480	K5	224	255	224	0.66912	0.73734	0.53985	88.8	-9.04	7.06	11.47	141.99
481	K6	63	224	30	0.22696	0.30036	0.12846	61.69	-26.13	26.35	37.12	134.76
482	K7	224	255	191	0.64872	0.72863	0.41505	88.38	-11.8	20.92	24.02	119.43
483	K8	63	224	63	0.25616	0.32746	0.19221	63.95	-23.21	14.8	27.52	147.48
484	K9	224	224	255	0.61777	0.63874	0.66824	83.9	0.44	-14.17	14.18	271.77
485	K10	63	224	94	0.21376	0.2815	0.18274	60.02	-25.08	10.08	27.02	158.11
486	K11	224	224	63	0.46476	0.4924	0.19479	75.6	-2.8	34.33	34.44	94.66
487	K12	63	224	191	0.26166	0.32838	0.33552	64.03	-21.24	-10.18	23.56	205.61
488	K13	224	191	63	0.41594	0.41671	0.17229	70.64	4.33	30.74	31.04	81.98
489	K14	63	224	255	0.34026	0.41238	0.63328	70.34	-18.83	-34.24	39.08	241.19
490	K15	224	224	127	0.52185	0.55132	0.29462	79.12	-2.52	22.11	22.26	96.51
491	K16	63	255	0	0.2091	0.32409	0.1024	63.68	-43.05	37.62	57.17	138.85
492	K1	224	255	160	0.6271	0.71339	0.37548	87.65	-13.56	24.88	28.33	118.6
493	K2	63	255	30	0.26515	0.39142	0.16226	68.85	-40.61	30	50.49	143.54
494	K3	224	224	224	0.60819	0.63312	0.53595	83.61	-0.53	-1.47	1.56	250.02
495	K4	63	255	63	0.32163	0.44828	0.2397	72.78	-35.9	20.61	41.4	150.14
496	K5	94	0	0	0.09967	0.08418	0.05282	34.84	15.53	7.65	17.31	26.22
497	K6	224	224	191	0.57616	0.60667	0.40874	82.2	-2.13	11.07	11.27	100.91
498	K7	224	224	160	0.55955	0.59071	0.35537	81.33	-2.48	16.78	16.96	98.4
499	K8	94	0	30	0.10101	0.08189	0.05897	34.37	18.57	3.86	18.97	11.73
500	K9	224	224	94	0.50922	0.5367	0.2641	78.27	-2.18	25.73	25.82	94.84
501	K10	63	255	224	0.32556	0.43526	0.45264	71.91	-30.76	-12.15	33.07	201.55
502	K11	224	191	94	0.45041	0.44875	0.23348	72.81	5.15	21.82	22.42	76.71
503	K12	63	255	255	0.35047	0.44755	0.5774	72.73	-25.63	-24.57	35.5	223.8
504	K13	224	191	30	0.38577	0.38897	0.11572	68.68	3.44	42.09	42.23	85.32
505	K14	63	255	160	0.28016	0.3978	0.32293	69.31	-36.56	0.8	36.57	178.74
506	L1	224	191	0	0.37442	0.37017	0.08005	67.29	5.77	51.71	52.03	83.63
507	L2	63	224	127	0.22201	0.29061	0.234	60.84	-24.73	1.08	24.76	177.5
508	L3	224	191	255	0.5849	0.5788	0.63832	80.67	6.57	-16.92	18.15	291.22
509	L4	63	255	94	0.26275	0.38712	0.23536	68.54	-40.25	14.11	42.65	160.68
510	L5	224	191	224	0.54539	0.54228	0.48772	78.59	5.77	-4.75	7.47	320.55
511	L6	94	0	63	0.09817	0.07801	0.06211	33.56	19.83	1.01	19.86	2.92
512	L7	224	191	191	0.50974	0.51011	0.37449	76.69	4.78	6.11	7.76	51.93
513	L8	94	0	94	0.1001	0.0784	0.07253	33.65	21	-3.32	21.26	351
514	L9	224	191	160	0.48518	0.48307	0.31858	75.02	5.37	11.3	12.51	64.57
515	L10	94	0	127	0.11805	0.09027	0.09554	36.04	23.98	-7.76	25.21	342.07
516	L11	224	191	127	0.46518	0.46268	0.27122	73.72	5.43	16.67	17.53	71.95
517	L12	94	0	160	0.1304	0.09769	0.1167	37.42	26.37	-12.09	29.01	335.37
518	L13	224	160	224	0.51222	0.49136	0.44445	75.54	10.4	-4.9	11.49	334.75
519	L14	94	0	191	0.14247	0.10543	0.13775	38.8	28.13	-15.64	32.18	330.93
520	L15	224	160	191	0.4645	0.4535	0.33642	73.12	7.81	5.36	9.48	34.45
521	L16	94	0	255	0.18071	0.13667	0.23511	43.75	28.59	-28.58	40.43	315
522	L1	94	30	0	0.1042	0.09305	0.05093	36.56	11.59	11.59	16.39	45
523	L2	224	160	63	0.38892	0.37187	0.15925	67.42	9.87	28.25	29.92	70.73
524	L3	224	160	160	0.46494	0.45102	0.31254	72.96	8.64	8.68	12.24	45.12
525	L4	94	30	30	0.10773	0.09555	0.06198	37.03	12.23	7.05	14.12	29.96
526	L5	224	160	127	0.42294	0.40443	0.24576	69.78	10.14	14.34	17.57	54.73
527	L6	94	30	63	0.10621	0.09134	0.06954	36.24	14.5	2.39	14.7	9.35
528	L7	224	160	94	0.40756	0.39008	0.21045	68.76	9.91	19.3	21.7	62.82
529	L8	94	30	94	0.10866	0.09291	0.08006	36.54	15.05	-1.32	15.11	354.99
530	L9	224	160	30	0.37011	0.35579	0.10892	66.2	9.08	39.89	40.91	77.18
531	L10	94	30	127	0.12496	0.10442	0.10248	38.62	17.58	-5.6	18.45	342.32
532	L11	224	160	0	0.35178	0.3326	0.07284	64.37	10.85	49.52	50.7	77.64
533	L12	63	255	127	0.24172	0.36024	0.26206	66.54	-40.5	5.86	40.92	171.77
534	L13	224	127	255	0.56015	0.51684	0.58474	77.09	15.94	-17.8	23.9	311.85
535	L14	94	63	0	0.12794	0.12638	0.05545	42.21	4.1	19.06	19.5	77.85
536	L15	224	127	191	0.4436	0.41693	0.31884	70.66	12.46	3.74	13.01	16.72
537	L16	94	63	30	0.12425	0.11838	0.06479	40.96	7.04	12.56	14.4	60.73
538	L1	224	127	160	0.43423	0.40828	0.29435	70.06	12.32	6.53	13.95	27.93
539	L2	94	94	30	0.14677	0.15382	0.07658	46.15	-0.94	16.61	16.64	93.24
540	L3	224	127	127	0.41475	0.39199	0.25593	68.89	11.51	10.99	15.91	43.69
541	L4	94	63	255	0.24405	0.21354	0.37191	53.33	17.42	-33.8	38.02	297.27
542	L5	224	127	94	0.37117	0.3403	0.18789	64.99	14.64	17.5	22.82	50.09
543	L6	94	30	224	0.18314	0.14676	0.21213	45.19	23.68	-21.67	32.1	317.53
544	L7	224	127	63	0.3571	0.32667	0.14326	63.89	14.71	26.17	30.02	60.66
545	L8	94	30	191	0.15562	0.12734	0.15076	42.36	20.68	-12.86	24.35	328.11
546	L9	224	127	30	0.33922	0.31243	0.09914	62.71	13.69	37.02	39.48	69.7
547	L10	94	30	160	0.13978	0.11583	0.1252	40.55	18.93	-9.18	21.04	334.13
548	L11	224	127	0	0.33073	0.29839	0.06991	61.51	15.88	45.81	48.48	70.87
549	L12	94	63	127	0.14623	0.13771	0.12569	43.9	8.43	-3.53	9.14	337.3
550	L13	224	94	255	0.53373	0.46707	0.54418	74	22.6	-18.91	29.47	320.08
551	L14	94	63	63	0.12516	0.11849	0.08457	40.98	7.58	4.64	8.89	31.49
552	M1	224	94	224	0.45375	0.40464	0.37994	69.8	19.09	-6.51	20.17	341.18
553	M2	94	63	94	0.12694	0.12019	0.09859	41.25	7.61	0.2	7.61	1.48
554	M3	224	63	255	0.46647	0.36876	0.45591	67.18	33.96	-20.69	39.77	328.65
555	M4	94	94	63	0.15129	0.15508	0.10296	46.32	1.04	7.52	7.59	82.08
556	M5	224	63	224	0.39718	0.32817	0.30848	64.01	27.15	-6.12	27.83	347.29
557	M6	94	94	94	0.16021	0.16379	0.13026	47.47	1.31	1.34	1.88	45.55
558	M7	224	94	127	0.39136	0.35268	0.23847	65.96	16.94	9.08	19.22	28.19
559	M8	224	94	94	0.36351	0.32721	0.19761	63.93	16.66	13.62	21.52	39.27
560	M9	94	94	255	0.28116	0.25957	0.44921	58	12.61	-35.72	37.88	289.44
561	M10	94	63	224	0.20386	0.18331	0.25401	49.9	13.83	-21.43	25.51	302.85
562	M11	224	94	63	0.29718	0.24672	0.11323	56.75	24.14	22.28	32.85	42.71
563	M12	94	63	191	0.16348	0.15117	0.17102	45.79	10.38	-11.82	15.73	311.31
564	M13	224	94	30	0.28439	0.23546	0.08015	55.63	24.07	31.56	39.7	52.67
565	M14	94	63	160	0.1515	0.14148	0.14374	44.44	9.27	-7.48	11.91	321.09
566	M15	30	0	30	0.0557	0.05168	0.04384	27.21	7.04	-0.69	7.07	354.42
567	M16	124	124	109	0.21821	0.22324	0.1702	54.37	1.38	3.16	3.45	66.37
568	M1	0	30	30	0.0502	0.05282	0.04641	27.52	-0.89	-1.59	1.82	240.59
569	M2	94	94	160	0.177	0.1779	0.17673	49.24	2.96	-7.18	7.76	292.38
570	M3	224	63	30	0.25647	0.1908	0.07392	50.78	33.71	25.65	42.36	37.27
571	M4	94	94	191	0.19038	0.19084	0.20837	50.79	3.28	-11.27	11.73	286.25
572	M5	224	63	63	0.31025	0.25171	0.14039	57.24	26.93	15.46	31.05	29.86
573	M6	94	94	224	0.23319	0.22772	0.30471	54.84	6.19	-21.35	22.23	286.16
574	M7	224	63	94	0.32709	0.26711	0.16959	58.71	26.7	10.78	28.8	21.98
575	M8	94	127	224	0.26601	0.27032	0.35273	59	2.2	-21.34	21.45	275.88
576	M9	94	127	0	0.15136	0.17075	0.06201	48.35	-7.67	26.56	27.64	106.11
577	M10	224	63	191	0.36375	0.29976	0.23704	61.63	26.66	1.89	26.72	4.05
578	M11	224	94	160	0.39797	0.35859	0.25617	66.41	17.05	6.67	18.31	21.36
579	M12	94	160	0	0.16333	0.19119	0.06524	50.83	-11.39	29.38	31.51	111.19
580	M13	224	63	127	0.34219	0.28122	0.19223	60	26.42	7.97	27.59	16.79
581	M14	94	127	255	0.31256	0.30572	0.50502	62.14	6.64	-35.07	35.69	280.72
582	M15	224	30	94	0.29225	0.20937	0.13949	52.88	38.96	8.18	39.81	11.85
583	M16	94	160	30	0.1771	0.20016	0.08922	51.86	-8.26	21.71	23.23	110.83
584	M1	224	30	255	0.38959	0.27966	0.33915	59.86	42.67	-17.91	46.27	337.23
585	M2	94	127	63	0.17647	0.18881	0.11903	50.55	-2.96	9.85	10.28	106.75
586	M3	224	30	224	0.33178	0.23853	0.23712	55.94	40.28	-7.94	41.06	348.85
587	M4	94	127	94	0.19158	0.20285	0.15468	52.16	-2.02	3.05	3.66	123.53
588	M5	224	0	255	0.33468	0.22333	0.26149	54.38	48.03	-15.01	50.32	342.65
589	M6	94	127	127	0.18887	0.20016	0.17261	51.86	-2.1	-1.73	2.72	219.45
590	M7	224	30	0	0.24261	0.17359	0.06717	48.71	36.73	24.89	44.37	34.12
591	M8	94	127	160	0.20678	0.21699	0.20787	53.71	-1.18	-6.13	6.24	259.12
592	M9	224	30	30	0.26965	0.19772	0.09884	51.58	35.69	17.93	39.94	26.68
593	M10	94	127	191	0.21969	0.22828	0.24241	54.89	-0.2	-10.72	10.72	268.95
594	M11	224	30	191	0.31427	0.22621	0.19031	54.68	39.44	-0.79	39.45	358.85
595	M12	94	160	94	0.21232	0.2314	0.16735	55.22	-5.04	5.28	7.3	133.63
596	M13	224	30	160	0.30818	0.22158	0.17064	54.19	39.3	2.76	39.39	4.01
597	M14	94	160	127	0.2028	0.22335	0.18218	54.38	-6.02	0.47	6.03	175.54
598	N1	224	30	63	0.28586	0.20496	0.12524	52.39	38.6	11.24	40.2	16.23
599	N2	94	160	160	0.21324	0.2325	0.21916	55.33	-5.08	-5.58	7.55	227.63
600	N3	224	0	224	0.28916	0.18417	0.19094	50	50.2	-8.99	51	349.84
601	N4	94	160	191	0.2471	0.26926	0.2843	58.91	-5.28	-11.06	12.25	244.48
602	N5	224	0	191	0.29266	0.18787	0.16564	50.44	49.65	-2.55	49.72	357.05
603	N6	94	160	224	0.29496	0.3134	0.40478	62.79	-2.73	-21.88	22.05	262.89
604	N7	224	0	160	0.2939	0.19024	0.15243	50.72	48.93	1.12	48.94	1.32
605	N8	94	160	255	0.33628	0.35041	0.558	65.78	-0.55	-34.54	34.55	269.08
606	N9	224	0	127	0.29695	0.1929	0.14484	51.02	48.76	3.58	48.89	4.2
607	N10	94	191	0	0.18242	0.22219	0.06995	54.26	-15.8	33.28	36.84	115.4
608	N11	224	0	63	0.28509	0.18642	0.12135	50.27	47.47	8.69	48.26	10.37
609	N12	94	191	30	0.1988	0.23521	0.10007	55.61	-13.26	24.46	27.83	118.46
610	N13	224	0	30	0.26602	0.17706	0.09774	49.14	44.74	14.09	46.9	17.48
611	N14	94	191	63	0.22756	0.26109	0.14876	58.14	-10.58	14.85	18.23	125.48
612	N15	224	0	0	0.23857	0.1624	0.07359	47.29	41.1	19.76	45.61	25.68
613	N16	94	191	127	0.21595	0.24981	0.19303	57.06	-11.26	2.73	11.58	166.37
614	N1	191	63	255	0.36166	0.29815	0.4279	61.49	26.56	-27.07	37.92	314.46
615	N2	94	224	0	0.21292	0.2878	0.08156	60.59	-27.9	39.58	48.42	125.18
616	N3	191	255	255	0.56885	0.64632	0.66417	84.29	-12.95	-13.12	18.43	225.37
617	N4	94	224	30	0.25152	0.32497	0.1284	63.75	-24.28	29.93	38.54	129.05
618	N5	191	255	224	0.53992	0.63432	0.49632	83.67	-17.49	3.02	17.75	170.2
619	N6	94	255	0	0.23616	0.35616	0.09951	66.23	-41.59	42.96	59.79	134.07
620	N7	191	255	191	0.55594	0.65271	0.42692	84.62	-17.57	12.93	21.81	143.64
621	N8	127	0	0	0.12315	0.09919	0.05817	37.7	20.35	9.96	22.66	26.09
622	N9	191	255	160	0.55803	0.65678	0.37765	84.83	-17.94	19.72	26.67	132.3
623	N10	127	0	30	0.12304	0.09417	0.06466	36.78	24.24	5.41	24.84	12.58
624	N11	191	255	127	0.52694	0.63202	0.32738	83.55	-20.3	24.68	31.95	129.44
625	N12	127	0	63	0.12415	0.09402	0.07256	36.75	25.12	2.01	25.2	4.57
626	N13	191	255	94	0.49803	0.60843	0.28015	82.29	-22.51	29.95	37.47	126.93
627	N14	127	0	94	0.12639	0.09472	0.08073	36.88	26.07	-0.99	26.09	357.83
628	N15	191	255	30	0.38466	0.50684	0.14231	76.49	-30.57	48.14	57.03	122.42
629	N16	94	191	224	0.32521	0.36292	0.45364	66.74	-8.61	-21.18	22.86	247.88
630	N1	191	255	0	0.33761	0.45701	0.09403	73.35	-32.72	57.09	65.8	119.82
631	N2	94	191	191	0.265	0.29705	0.29508	61.4	-8.53	-8.51	12.05	224.92
632	N3	191	224	0	0.29409	0.3613	0.08406	66.62	-19.55	49.04	52.8	111.73
633	N4	94	191	255	0.36268	0.39765	0.59761	69.3	-6.75	-32.53	33.23	258.27
634	N5	191	224	63	0.38214	0.44085	0.19965	72.28	-13.27	27.59	30.62	115.68
635	N6	94	224	255	0.40534	0.47064	0.64785	74.23	-14.37	-28.93	32.3	243.59
636	N7	191	191	63	0.31785	0.3389	0.16732	64.87	-3.2	21.94	22.17	98.3
637	N8	94	255	255	0.42789	0.52237	0.61225	77.42	-21.31	-19.99	29.21	223.17
638	N9	191	191	30	0.27991	0.30612	0.11031	62.18	-5.91	32.53	33.06	100.29
639	N10	94	224	224	0.34193	0.40302	0.42901	69.68	-15.42	-13.09	20.22	220.32
640	N11	191	160	30	0.25903	0.27081	0.09912	59.05	-0.86	30.71	30.73	91.61
641	N12	94	255	224	0.39586	0.50466	0.4663	76.35	-26.47	-6.12	27.16	193.01
642	N13	191	160	0	0.24499	0.25647	0.06966	57.7	-0.99	39.34	39.35	91.44
643	N14	94	224	191	0.31484	0.38128	0.35138	68.12	-18.26	-5.44	19.05	196.58
644	O1	191	127	0	0.23092	0.22906	0.06621	54.98	4.57	36.11	36.4	82.79
645	O2	94	255	127	0.3445	0.46903	0.29589	74.13	-33.69	13.31	36.22	158.45
646	O3	191	94	255	0.42121	0.37836	0.52014	67.9	17.75	-26.83	32.16	303.48
647	O4	94	224	63	0.28658	0.35718	0.19081	66.3	-21.08	19.15	28.48	137.75
648	O5	191	160	63	0.28369	0.29057	0.14598	60.83	1.38	20.2	20.24	86.09
649	O6	127	0	224	0.19595	0.1371	0.20044	43.81	36.14	-21.66	42.14	329.07
650	O7	191	224	255	0.53367	0.57173	0.6614	80.28	-4.47	-19.78	20.28	257.28
651	O8	94	255	30	0.30078	0.42746	0.15517	71.38	-37.55	36.08	52.07	136.14
652	O9	191	224	224	0.50148	0.54233	0.50925	78.6	-5.65	-7.18	9.13	231.78
653	O10	127	0	127	0.13523	0.10014	0.09947	37.87	27.59	-5.92	28.21	347.89
654	O11	191	224	191	0.48445	0.53018	0.40377	77.89	-7.19	4.27	8.36	149.27
655	O12	127	0	160	0.15106	0.1095	0.12277	39.5	30.33	-10.29	32.03	341.26
656	O13	191	224	160	0.46287	0.51017	0.3463	76.69	-8.02	10.07	12.88	128.53
657	O14	127	0	255	0.20259	0.14788	0.23704	45.34	32.84	-26.2	42.01	321.42
658	O15	191	224	127	0.43628	0.48838	0.29633	75.35	-9.9	15.34	18.26	122.82
659	O16	127	30	0	0.12713	0.10666	0.05363	39.01	17.37	14.44	22.58	39.73
660	O1	191	224	94	0.42019	0.476	0.2589	74.57	-11.32	20.26	23.21	119.19
661	O2	127	30	30	0.13349	0.11084	0.0665	39.72	18.48	9.68	20.87	27.65
662	O3	191	191	255	0.49768	0.50477	0.61838	76.36	2.97	-22.42	22.61	277.54
663	O4	94	255	63	0.36374	0.48933	0.23209	75.41	-32.73	26.57	42.15	140.94
664	O5	191	160	255	0.47731	0.47009	0.59411	74.2	6.76	-23.74	24.68	285.88
665	O6	127	30	63	0.1347	0.11078	0.08093	39.71	19.3	3.82	19.68	11.2
666	O7	191	127	127	0.3041	0.29971	0.21622	61.63	5.73	5.86	8.2	45.64
667	O8	127	255	0	0.26874	0.39006	0.09604	68.76	-38.72	48.48	62.05	128.61
668	O9	191	191	224	0.45104	0.46127	0.47081	73.63	1.81	-11.35	11.49	279.06
669	O10	127	30	94	0.13564	0.11059	0.08886	39.68	20.04	0.85	20.06	2.43
670	O11	191	160	224	0.41653	0.41583	0.43454	70.58	4.77	-12.23	13.12	291.32
671	O12	127	63	0	0.14404	0.13335	0.05466	43.26	9.86	21.26	23.43	65.12
672	O13	191	191	191	0.39959	0.41692	0.34821	70.66	-0.75	-0.6	0.96	218.71
673	O14	127	63	30	0.14277	0.12712	0.0638	42.33	13.12	15.36	20.2	49.5
674	O15	191	191	160	0.38466	0.40177	0.30101	69.6	-0.87	4.68	4.76	100.56
675	O16	160	0	0	0.15183	0.11531	0.06157	40.46	26.64	13.15	29.7	26.27
676	O1	191	191	127	0.37248	0.39132	0.26152	68.85	-1.57	9.93	10.05	98.99
677	O2	127	30	255	0.23683	0.18569	0.29795	50.18	27.87	-28.31	39.73	314.55
678	O3	191	191	94	0.34744	0.36742	0.21757	67.08	-2.32	15	15.18	98.79
679	O4	127	63	224	0.24346	0.21563	0.27456	53.56	16.19	-18.65	24.7	310.96
680	O5	191	127	30	0.24558	0.24482	0.09224	56.57	4.15	28.77	29.07	81.8
681	O6	94	255	191	0.38265	0.49738	0.39929	75.91	-28.72	1.45	28.76	177.11
682	O7	191	127	63	0.26079	0.25575	0.13242	57.63	5.97	18.27	19.22	71.89
683	O8	127	94	255	0.33172	0.30425	0.47655	62.02	14.06	-32.03	34.98	293.7
684	O9	191	127	94	0.28045	0.27345	0.17456	59.29	6.74	10.65	12.6	57.65
685	O10	127	255	224	0.4522	0.55582	0.483	79.38	-22.63	-2.86	22.81	187.2
686	O11	191	94	94	0.26546	0.25169	0.17225	57.24	9.58	7.64	12.25	38.56
687	O12	127	224	224	0.40168	0.45358	0.45914	73.13	-10.74	-10.83	15.25	225.24
688	O13	191	94	63	0.22524	0.20246	0.10687	52.11	14.34	16.25	21.67	48.57
689	O14	127	127	255	0.35919	0.35077	0.52799	65.81	7.14	-31.29	32.1	282.86
690	P1	191	94	30	0.21356	0.19463	0.07723	51.22	12.76	25.1	28.16	63.06
691	P2	94	224	160	0.29215	0.36169	0.29741	66.65	-20.42	0.17	20.42	179.53
692	P3	191	94	0	0.20934	0.19323	0.05953	51.06	11.44	32.37	34.33	70.53
693	P4	127	30	191	0.17351	0.13766	0.15441	43.9	24.11	-11.12	26.55	335.23
694	P5	191	63	0	0.18945	0.15769	0.0564	46.67	20.54	26.28	33.36	51.98
695	P6	94	191	160	0.24133	0.27471	0.24744	59.41	-9.93	-3.85	10.65	201.19
696	P7	191	63	30	0.19057	0.15548	0.06936	46.38	22.38	19.94	29.98	41.69
697	P8	94	255	94	0.38955	0.51143	0.29259	76.77	-30.22	18.38	35.37	148.69
698	P9	191	127	224	0.38359	0.37287	0.40128	67.49	7.86	-13.32	15.47	300.52
699	P10	127	94	0	0.15716	0.16237	0.05795	47.28	0.35	26.6	26.6	89.25
700	P11	191	160	191	0.35799	0.36173	0.30845	66.65	3.11	-1.57	3.48	333.25
701	P12	127	160	0	0.1755	0.20112	0.06423	51.96	-9.59	31.78	33.2	106.78
702	P13	191	94	127	0.26929	0.25568	0.1942	57.62	9.48	3.46	10.09	20.05
703	P14	127	224	0	0.2317	0.30502	0.08195	62.09	-25.72	42.01	49.26	121.48
704	P15	191	127	191	0.32176	0.31659	0.27167	63.06	6.03	-1.79	6.29	343.49
705	P16	127	191	0	0.19674	0.23499	0.07132	55.58	-14.19	34.99	37.76	112.07
706	P1	191	94	191	0.29962	0.28342	0.24974	60.2	10.23	-2.9	10.64	344.15
707	P2	127	224	30	0.27356	0.34602	0.12844	65.44	-22.48	32.83	39.79	124.4
708	P3	191	94	160	0.27664	0.26188	0.2127	58.22	9.88	0.68	9.9	3.92
709	P4	0	0	127	0.06561	0.06375	0.08695	30.34	4.38	-14.57	15.21	286.75
710	P5	191	127	160	0.30794	0.30302	0.24038	61.91	5.93	1.75	6.19	16.47
711	P6	160	0	30	0.15134	0.11106	0.07293	39.76	29.37	7.05	30.21	13.5
712	P7	191	160	160	0.35092	0.35658	0.27961	66.26	2.42	2.39	3.41	44.64
713	P8	160	30	0	0.15422	0.12534	0.05895	42.05	21.18	17.1	27.23	38.92
714	P9	191	160	127	0.32782	0.33229	0.23145	64.35	2.65	7.61	8.06	70.79
715	P10	160	0	255	0.22743	0.16184	0.24174	47.21	36.45	-23.84	43.55	326.82
716	P11	191	160	94	0.30545	0.31026	0.1904	62.53	2.36	12.73	12.94	79.51
717	P12	0	0	63	0.05449	0.05321	0.05585	27.63	3.81	-6.28	7.34	301.23
718	P13	191	30	30	0.18745	0.14611	0.08119	45.1	26.3	13.01	29.34	26.32
719	P14	94	224	94	0.30512	0.37226	0.24132	67.45	-18.96	11.12	21.98	149.61
720	P15	191	63	224	0.3148	0.26905	0.29821	58.89	21.5	-13.34	25.3	328.18
721	P16	127	94	30	0.16016	0.16138	0.07356	47.15	2.63	19.55	19.72	82.33
722	P1	191	30	255	0.30404	0.23002	0.32281	55.07	33.97	-23.73	41.43	325.06
723	P2	127	63	63	0.15761	0.1444	0.09873	44.86	11.07	6.38	12.77	29.94
724	P3	191	0	255	0.25883	0.18166	0.25109	49.7	39.36	-21.25	44.73	331.64
725	P4	127	94	63	0.17516	0.17264	0.10532	48.59	4.76	10.67	11.68	65.95
726	P5	160	255	255	0.52649	0.61033	0.63937	82.4	-15.45	-14.04	20.88	222.27
727	P6	127	30	127	0.14767	0.12054	0.10997	41.3	20.52	-3.36	20.79	350.7
728	P7	160	255	224	0.50002	0.59958	0.48783	81.82	-19.91	0.79	19.93	177.72
729	P8	127	30	160	0.16337	0.13116	0.13281	42.94	22.63	-7.17	23.74	342.42
730	P9	160	255	191	0.47208	0.58036	0.39774	80.76	-22.99	10.02	25.07	156.46
731	P10	127	63	94	0.15619	0.14396	0.11174	44.8	10.51	2.12	10.72	11.4
732	P11	160	255	160	0.50532	0.60922	0.38506	82.34	-20.75	14.42	25.26	145.2
733	P12	127	63	127	0.16202	0.14901	0.12617	45.5	10.83	-0.91	10.87	355.18
734	P13	160	255	127	0.49258	0.59977	0.33196	81.83	-21.96	21.03	30.4	136.24
735	P14	127	63	160	0.17765	0.16173	0.152	47.2	12.1	-4.83	13.03	338.24
736	Q1	160	255	63	0.42486	0.54408	0.22739	78.7	-27.71	33.13	43.19	129.91
737	Q2	127	63	191	0.19953	0.17728	0.18128	49.16	14.86	-8.32	17.04	330.75
738	Q3	191	63	160	0.24468	0.2115	0.17317	53.11	18.65	0.31	18.65	0.95
739	Q4	127	191	30	0.2218	0.25717	0.10402	57.77	-11.6	26.9	29.3	113.33
740	Q5	191	30	224	0.27068	0.201	0.23771	51.95	34.5	-14.93	37.59	336.6
741	Q6	127	127	30	0.17926	0.19041	0.08433	50.74	-2.29	21.56	21.68	96.05
742	Q7	191	0	224	0.23952	0.15939	0.19896	46.89	43.21	-16.04	46.1	339.63
743	Q8	127	127	63	0.19204	0.20056	0.11898	51.9	-0.68	12.2	12.21	93.2
744	Q9	191	0	191	0.21954	0.14919	0.15797	45.52	40.13	-9.19	41.17	347.1
745	Q10	127	160	63	0.21675	0.23539	0.13388	55.62	-4.7	14.41	15.16	108.08
746	Q11	191	30	191	0.22942	0.17375	0.16808	48.73	30.82	-6.07	31.42	348.86
747	Q12	127	224	63	0.31836	0.38449	0.1951	68.35	-18	21.76	28.24	129.59
748	Q13	191	30	127	0.207	0.15757	0.12697	46.65	29.33	0.86	29.34	1.67
749	Q14	127	160	255	0.37445	0.38186	0.56202	68.16	2.04	-30.87	30.93	273.79
750	Q15	191	63	63	0.21779	0.18617	0.11336	50.24	19	11.01	21.96	30.08
751	Q16	127	191	191	0.30452	0.33082	0.30812	64.23	-5.31	-5.7	7.78	227.03
752	Q1	191	30	63	0.2038	0.15462	0.1043	46.26	29.47	6.98	30.29	13.32
753	Q2	127	160	191	0.28952	0.30327	0.29629	61.94	-1.11	-7.78	7.86	261.85
754	Q3	191	30	0	0.18093	0.13843	0.05954	44.01	27.6	20.2	34.2	36.2
755	Q4	127	94	191	0.22726	0.22171	0.22086	54.21	6.23	-7.84	10.01	308.47
756	Q5	191	63	127	0.23048	0.19875	0.15176	51.7	18.51	2.98	18.75	9.15
757	Q6	127	191	255	0.39733	0.42209	0.59565	71.01	-2.99	-29.38	29.53	264.19
758	Q7	191	63	94	0.22176	0.19178	0.13659	50.89	18	5.52	18.83	17.06
759	Q8	127	191	224	0.35835	0.38738	0.45735	68.56	-5	-18.49	19.15	254.86
760	Q9	191	30	94	0.20216	0.15354	0.11469	46.11	29.3	3.5	29.51	6.8
761	Q10	127	160	224	0.32266	0.33499	0.40228	64.56	-0.12	-18.5	18.5	269.62
762	Q11	191	0	94	0.19797	0.13785	0.10909	43.92	36.68	1.43	36.71	2.23
763	Q12	127	127	224	0.30305	0.30313	0.36846	61.92	4.07	-18.51	18.96	282.4
764	Q13	191	0	63	0.18847	0.13246	0.09607	43.13	35.29	4.29	35.55	6.94
765	Q14	127	127	191	0.25299	0.2558	0.25066	57.64	2.7	-7.48	7.96	289.83
766	Q15	191	0	30	0.18451	0.13114	0.08123	42.93	34.1	9.27	35.34	15.21
767	Q16	127	94	224	0.28049	0.26606	0.32156	58.61	9.71	-17.45	19.97	299.1
768	Q1	191	0	0	0.17926	0.13079	0.06754	42.88	31.57	14.69	34.82	24.95
769	Q2	127	127	160	0.24737	0.25076	0.22084	57.15	2.41	-2.76	3.67	311.06
770	Q3	160	255	30	0.36834	0.49267	0.15081	75.62	-32.11	44.46	54.85	125.83
771	Q4	127	94	160	0.21424	0.2106	0.18978	53.01	5.36	-3.54	6.43	326.55
772	Q5	160	255	0	0.30448	0.42519	0.09625	71.23	-35.49	52.67	63.52	123.97
773	Q6	127	94	127	0.19466	0.19287	0.15902	51.02	4.43	0.03	4.43	0.44
774	Q7	191	0	160	0.21422	0.14705	0.13848	45.23	38.92	-4.75	39.21	353.04
775	Q8	127	191	94	0.28793	0.31883	0.20935	63.25	-7.38	10.02	12.45	126.37
776	Q9	160	63	255	0.3232	0.27286	0.41053	59.24	23.02	-28.75	36.84	308.69
777	Q10	127	191	127	0.29757	0.32746	0.24385	63.95	-6.74	4.64	8.19	145.47
778	Q11	160	63	0	0.16775	0.14704	0.05691	45.23	15.22	23.54	28.04	57.11
779	Q12	127	191	160	0.29181	0.32151	0.26835	63.47	-6.84	-0.52	6.86	184.35
780	Q13	160	63	30	0.16313	0.13906	0.06629	44.1	17.49	17.32	24.62	44.72
781	Q14	127	224	160	0.33979	0.40332	0.30624	69.71	-16.25	4.04	16.75	166.03
782	R1	160	94	30	0.18803	0.17965	0.07588	49.45	7.82	22.58	23.9	70.89
783	R2	127	224	191	0.36175	0.42315	0.36996	71.09	-14.76	-2.92	15.05	191.19
784	R3	160	224	0	0.25685	0.32936	0.08291	64.11	-23.58	45.14	50.93	117.58
785	R4	127	224	255	0.45172	0.50798	0.65281	76.56	-10.62	-25.39	27.52	247.3
786	R5	160	224	30	0.29274	0.36457	0.12816	66.87	-21.14	35.37	41.21	120.86
787	R6	127	255	255	0.47317	0.56428	0.6233	79.86	-18.79	-16.87	25.26	221.91
788	R7	160	191	63	0.27244	0.30171	0.1574	61.8	-7.25	19.01	20.35	110.89
789	R8	160	0	63	0.15604	0.11338	0.08636	40.14	30.47	2.55	30.58	4.79
790	R9	160	224	255	0.48862	0.53621	0.65396	78.24	-7.58	-22.6	23.83	251.46
791	R10	127	94	94	0.18472	0.1837	0.13723	49.94	4	3.71	5.46	42.8
792	R11	160	191	0	0.22934	0.26421	0.0741	58.43	-11.05	38.78	40.32	105.9
793	R12	127	255	191	0.41575	0.52791	0.39001	77.75	-26.37	5.85	27.01	167.49
794	R13	160	127	63	0.21706	0.21952	0.12155	53.98	2.54	15.02	15.24	80.41
795	R14	160	0	191	0.19415	0.13519	0.15536	43.54	36.44	-11.98	38.36	341.8
796	R15	160	224	224	0.44179	0.48922	0.47397	75.4	-8.51	-8.66	12.14	225.48
797	R16	160	0	94	0.16032	0.11615	0.097	40.6	30.99	-0.39	30.99	359.28
798	R1	160	224	191	0.41824	0.47287	0.37741	74.37	-11.05	1.72	11.18	171.13
799	R2	160	0	127	0.1658	0.11805	0.10756	40.9	32.76	-3.29	32.92	354.26
800	R3	160	224	160	0.43264	0.48752	0.35119	75.3	-10.74	6.97	12.8	147.01
801	R4	160	30	30	0.15568	0.12504	0.07167	42.01	22.24	11.44	25.01	27.23
802	R5	160	224	127	0.41857	0.47542	0.30149	74.54	-11.65	13.12	17.54	131.61
803	R6	160	30	63	0.15983	0.12625	0.08969	42.19	23.83	4.89	24.33	11.59
804	R7	160	224	94	0.3888	0.44914	0.2535	72.84	-13.52	18.22	22.68	126.58
805	R8	160	30	94	0.16645	0.1308	0.10231	42.88	24.59	1.8	24.66	4.18
806	R9	160	191	255	0.44568	0.4609	0.60253	73.6	0.37	-25.6	25.61	270.82
807	R10	127	255	63	0.3908	0.51395	0.22311	76.92	-30.48	30.88	43.39	134.63
808	R11	160	160	255	0.41852	0.42168	0.57562	70.99	3.63	-27.4	27.64	277.55
809	R12	160	30	127	0.17039	0.13419	0.113	43.39	24.6	-0.69	24.61	358.39
810	R13	160	160	63	0.24092	0.25442	0.13637	57.5	-1.9	16.98	17.09	96.4
811	R14	160	30	224	0.23902	0.18101	0.22791	49.62	31.25	-17.11	35.63	331.3
812	R15	160	191	94	0.31069	0.33725	0.20883	64.74	-5.25	12.71	13.75	112.45
813	R16	160	30	255	0.26711	0.20509	0.30782	52.41	31.08	-26.03	40.54	320.06
814	R1	160	191	127	0.33861	0.36405	0.25364	66.83	-4.26	7.83	8.92	118.54
815	R2	255	255	249	0.77764	0.81033	0.66475	92.15	-0.74	0.37	0.82	153.48
816	R3	160	160	30	0.22756	0.2439	0.09789	56.48	-3.41	26.69	26.9	97.27
817	R4	160	30	160	0.18254	0.14363	0.13539	44.75	25.25	-4.75	25.69	349.35
818	R5	127	255	160	0.40931	0.52696	0.34692	77.7	-28.08	11.72	30.43	157.35
819	R6	160	63	63	0.1859	0.16618	0.10995	47.78	13.96	7.81	15.99	29.22
820	R7	160	191	224	0.41103	0.43132	0.46781	71.64	-1.48	-14.41	14.49	264.15
821	R8	160	63	94	0.19266	0.17158	0.12894	48.46	14.47	3.41	14.87	13.27
822	R9	127	255	94	0.44406	0.55998	0.29971	79.61	-26	22.15	34.16	139.57
823	R10	160	63	127	0.19749	0.17709	0.14108	49.14	13.95	1.31	14.01	5.37
824	R11	255	255	244	0.76999	0.80604	0.62983	91.96	-1.44	3.35	3.65	113.28
825	R12	127	127	94	0.21971	0.22718	0.16293	54.78	0.31	5.58	5.58	86.83
826	R13	252	252	237	0.74426	0.78002	0.58868	90.78	-1.61	5.4	5.64	106.58
827	R14	127	160	94	0.24198	0.25898	0.17765	57.94	-3.32	7.62	8.31	113.56
828	S1	160	127	127	0.26272	0.26142	0.19679	58.17	4.44	3.86	5.88	40.98
829	S2	255	127	63	0.53003	0.42788	0.15352	71.41	32.82	36.53	49.11	48.07
830	S3	160	127	94	0.24513	0.24328	0.1623	56.41	4.61	8.54	9.71	61.64
831	S4	30	30	15	0.06645	0.06534	0.04605	30.72	3.61	4.13	5.48	48.85
832	S5	160	191	191	0.3525	0.37533	0.33506	67.68	-3.15	-3.83	4.96	230.55
833	S6	160	94	0	0.19178	0.18504	0.06115	50.1	6.94	29.96	30.75	76.96
834	S7	160	160	224	0.36891	0.37549	0.42238	67.69	2.26	-15.7	15.86	278.21
835	S8	160	127	0	0.199	0.20558	0.06392	52.46	0.39	32.78	32.79	89.32
836	S9	160	160	191	0.3231	0.33073	0.30579	64.22	1.51	-5.34	5.55	285.8
837	S10	30	15	30	0.06417	0.06022	0.049	29.47	6.64	0.36	6.65	3.14
838	S11	160	191	160	0.3502	0.37309	0.30048	67.51	-3.21	1.16	3.42	160.11
839	S12	15	30	30	0.05861	0.05977	0.05007	29.35	1.1	-0.39	1.17	340.39
840	S13	160	160	160	0.30823	0.31684	0.26497	63.08	1.01	-0.61	1.18	328.98
841	S14	15	15	30	0.06011	0.05869	0.04966	29.08	3.95	-0.65	4	350.63
842	S15	160	160	127	0.29122	0.30085	0.22065	61.73	0.44	5.17	5.18	85.18
843	S16	255	249	255	0.77707	0.79782	0.69724	91.59	1.56	-3.58	3.91	293.56
844	S1	160	127	30	0.21213	0.21495	0.08748	53.49	2.33	25.15	25.26	84.71
845	S2	30	30	30	0.06932	0.06724	0.05386	31.17	4.58	0.8	4.65	9.91
846	S3	160	94	127	0.23502	0.22417	0.17131	54.47	8.6	3.07	9.13	19.66
847	S4	63	94	0	0.11667	0.12878	0.05658	42.58	-5.2	19.14	19.83	105.19
848	S5	160	94	94	0.22519	0.21679	0.15498	53.69	7.55	5.61	9.4	36.64
849	S6	252	237	252	0.74562	0.75787	0.66429	89.76	3.07	-3.7	4.81	309.67
850	S7	160	94	63	0.19667	0.18333	0.10149	49.9	10.28	14.15	17.49	54.01
851	S8	160	127	255	0.40263	0.3894	0.54864	68.71	8.6	-28.51	29.78	286.79
852	S9	247	232	247	0.71577	0.72714	0.63798	88.31	3.11	-3.71	4.84	309.95
853	S10	127	160	127	0.2665	0.28121	0.21817	60	-1.89	2.67	3.27	125.25
854	S11	249	255	255	0.75338	0.78978	0.68991	91.22	-1.65	-3.54	3.91	244.96
855	S12	127	224	127	0.36894	0.42991	0.29584	71.55	-14.37	8.87	16.89	148.32
856	S13	244	255	255	0.72863	0.77078	0.68958	90.36	-3.02	-5.01	5.84	238.92
857	S14	160	63	160	0.20332	0.17986	0.15572	49.48	15.37	-1.82	15.47	353.25
858	S15	237	252	252	0.69084	0.73483	0.66691	88.68	-3.79	-5.82	6.94	236.92
859	S16	160	63	191	0.23407	0.20422	0.19327	52.31	17.47	-5.5	18.31	342.51
860	S1	232	247	247	0.67423	0.71641	0.64842	87.8	-3.6	-5.6	6.66	237.25
861	S2	142	142	127	0.27046	0.27566	0.20919	59.49	1.89	3.59	4.05	62.18
862	S3	249	249	255	0.7496	0.77559	0.69617	90.58	0.36	-5.22	5.24	273.94
863	S4	30	0	0	0.0569	0.05296	0.03987	27.56	6.9	2.27	7.26	18.17
864	S5	142	127	142	0.25651	0.25613	0.20446	57.67	4.04	1.4	4.27	19.11
865	S6	255	30	30	0.42809	0.28673	0.11836	60.49	51.73	27.19	58.44	27.73
866	S7	124	109	124	0.21843	0.21616	0.16949	53.62	4.73	2.03	5.15	23.19
867	S8	237	237	252	0.67819	0.70257	0.66787	87.12	0.17	-8.58	8.59	271.11
868	S9	127	142	142	0.25493	0.26048	0.21136	58.08	1.59	0.71	1.74	24.21
869	S10	232	232	247	0.65179	0.67542	0.63959	85.78	0.12	-8.24	8.24	270.84
870	S11	109	124	124	0.21494	0.21778	0.17393	53.79	2.35	1.31	2.69	29.11
871	S12	249	255	249	0.76162	0.79791	0.66201	91.59	-1.56	-0.33	1.6	192.09
872	S13	127	127	142	0.24421	0.24524	0.20214	56.61	3.38	0.05	3.38	0.84
873	S14	244	255	244	0.73847	0.7814	0.63385	90.84	-3.07	1.05	3.25	161.11
874	T1	109	109	124	0.19802	0.20027	0.16542	51.87	2.46	-0.04	2.46	359.12
875	T2	237	252	237	0.70699	0.75422	0.61056	89.59	-4.26	1.16	4.42	164.77
876	T3	127	142	127	0.24625	0.25513	0.20439	57.57	0.11	1.25	1.25	85.1
877	T4	232	247	232	0.68348	0.72815	0.58925	88.36	-4.01	1.17	4.18	163.78
878	T5	109	124	109	0.208	0.21438	0.16878	53.43	0.62	1.86	1.96	71.55
879	T6	255	249	249	0.77378	0.79829	0.66671	91.61	0.81	-0.74	1.1	317.5
880	T7	15	30	15	0.05745	0.05902	0.04464	29.16	0.62	2.23	2.31	74.49
881	T8	127	160	160	0.26867	0.28306	0.24806	60.16	-1.72	-2.66	3.16	237.16
882	T9	142	127	127	0.24696	0.25015	0.19689	57.09	2.49	1.97	3.17	38.38
883	T10	63	30	0	0.08565	0.07994	0.04865	33.97	7.7	8.32	11.33	47.21
884	T11	124	109	109	0.20487	0.20639	0.16089	52.55	2.88	2.22	3.63	37.69
885	T12	252	237	237	0.72653	0.74329	0.5906	89.08	2.06	2.27	3.07	47.73
886	T13	30	15	15	0.05967	0.05722	0.04403	28.7	5.09	1.77	5.39	19.21
887	T14	160	94	160	0.24147	0.23169	0.19592	55.25	8.06	-1	8.12	352.91
888	T15	247	232	232	0.7052	0.72127	0.56816	88.03	2.08	2.76	3.46	52.91
889	T16	0	0	20	0.05009	0.04877	0.0421	26.38	3.89	-1.11	4.05	344.15
890	T1	160	160	94	0.27283	0.28549	0.18708	60.38	-0.98	9.74	9.79	95.73
891	T2	0	20	0	0.04597	0.04744	0.03546	25.99	0.31	2.35	2.37	82.49
892	T3	160	127	224	0.34693	0.34119	0.3872	65.06	6.24	-15.66	16.86	291.73
893	T4	20	0	0	0.04602	0.04491	0.03367	25.23	3.64	2.24	4.27	31.6
894	T5	160	127	191	0.28994	0.28832	0.26764	60.63	4.66	-5.29	7.05	311.4
895	T6	0	0	10	0.04262	0.04218	0.03328	24.38	2.75	1.03	2.93	20.55
896	T7	160	127	160	0.26901	0.26942	0.22372	58.92	3.78	-0.27	3.79	355.92
897	T8	0	10	0	0.04332	0.0438	0.03341	24.89	1.49	1.82	2.36	50.68
898	T9	160	94	191	0.26524	0.25399	0.23701	57.46	8.53	-5.3	10.04	328.17
899	T10	10	0	0	0.04403	0.04336	0.03336	24.75	3.06	1.62	3.46	27.87
900	T11	0	30	0	0.04849	0.05087	0.03719	26.98	-0.71	2.93	3.01	103.56
901	T12	255	191	127	0.6337	0.59523	0.2818	81.58	14.12	28.44	31.76	63.6
902	T13	127	127	127	0.23044	0.23574	0.18997	55.66	1.41	0.97	1.72	34.54
903	T14	244	244	244	0.71796	0.74553	0.64891	89.18	-0.19	-3.25	3.26	266.7
904	T15	109	109	109	0.19318	0.19529	0.1538	51.3	2.48	1.79	3.06	35.85
905	T16	237	237	237	0.67874	0.70484	0.61197	87.23	-0.19	-3.04	3.05	266.39
906	T1	30	30	30	0.0726	0.07085	0.05682	32	4.24	0.78	4.31	10.48
907	T2	232	232	232	0.6543	0.68056	0.58546	86.03	-0.43	-2.46	2.49	260.13
908	T3	15	15	15	0.05578	0.05526	0.04348	28.18	2.93	1.2	3.16	22.25
909	T4	255	255	255	0.7866	0.81533	0.70328	92.37	0.09	-2.78	2.78	271.82
910	T5	127	127	127	0.23827	0.24408	0.19593	56.49	1.29	1.15	1.73	41.56
911	T6	30	30	0	0.06399	0.0643	0.04299	30.47	2.12	5.43	5.83	68.67
912	T7	160	94	224	0.32122	0.30322	0.34803	61.93	10.7	-15.62	18.94	304.42
913	T8	224	94	0	0.29698	0.24547	0.06673	56.63	24.6	38.74	45.89	57.58
914	T9	94	94	127	0.17765	0.17719	0.15205	49.15	3.67	-1.47	3.96	338.14
915	T10	224	63	0	0.26092	0.1974	0.06423	51.54	32.28	31.06	44.79	43.9
916	T11	142	142	142	0.26764	0.27591	0.22369	59.52	0.65	0.76	1.01	49.53
END_DATA